Selection	View	Channel	Begin Time (s)	End Time (s)	Low Freq (Hz)	High Freq (Hz)	Species	Notes
1	Spectrogram 1	1	0.846389911	1.089898842	2443.000	3173.900	BLJA	Most intense band only
2	Spectrogram 1	1	0.846389911	1.154703638	2401.300	7099.400	BLJA	With harmonics
3	Spectrogram 1	1	2.308028715	2.826467082	2129.800	5178.400	REVI	
4	Spectrogram 1	1	3.155268389	3.386994630	2631.000	3236.500	BLJA	
5	Spectrogram 1	1	3.163123516	3.445908081	1670.500	7078.600	BLJA	
6	Spectrogram 1	1	7.743738087	8.109001482	1774.900	3904.700	REVI	
7	Spectrogram 1	1	10.079675500	10.560802015	3006.800	3821.200	BLJA	
8	Spectrogram 1	1	10.079675500	10.558838234	1294.600	7370.900	BLJA	
9	Spectrogram 1	1	10.696302953	11.094950637	2839.800	3779.400	BLJA	
10	Spectrogram 1	1	10.704158079	11.126371144	1273.700	9250.100	BLJA	
11	Spectrogram 1	1	11.324713095	11.723360780	2965.100	3800.300	BLJA	
12	Spectrogram 1	1	11.316857969	11.774419104	1127.600	10043.600	BLJA	
13	Spectrogram 1	1	11.910504974	12.311116440	2923.300	3737.600	BLJA	
14	Spectrogram 1	1	11.906577410	12.342536947	1399.000	9876.600	BLJA	
15	Spectrogram 1	1	7.733484881	7.835601529	1148.400	1816.600	AMCR	
16	Spectrogram 1	1	7.984848938	8.086965587	1190.200	1837.500	AMCR	
17	Spectrogram 1	1	8.218538960	8.316728045	1085.800	1837.500	AMCR	
18	Spectrogram 1	1	8.458120327	8.573983447	1232.000	1774.900	AMCR	
19	Spectrogram 1	1	7.612844722	9.138703100	2944.200	6347.700	COYE	
20	Spectrogram 1	1	12.463177394	12.594750768	1169.300	1816.600	AMCR	
21	Spectrogram 1	1	12.692939853	12.816658100	1148.400	1795.700	AMCR	
22	Spectrogram 1	1	12.969833072	13.081768629	1211.100	1754.000	AMCR	
23	Spectrogram 1	1	13.217269566	13.370444538	1023.200	1733.100	AMCR	
24	Spectrogram 1	1	12.905028276	13.386154792	2171.600	5700.400	REVI	
25	Spectrogram 1	1	13.533173876	13.682421285	2610.100	3299.100	TUTI	
26	Spectrogram 1	1	13.768827680	14.067322498	1733.100	4322.300	REVI	
27	Spectrogram 1	1	14.149801329	14.397237823	2505.700	3194.700	BLJA	Strongest band
28	Spectrogram 1	1	14.143909984	14.422766985	1545.200	7015.900	BLJA	Entire call w/ harmonics
29	Spectrogram 1	1	14.518727745	14.968433754	2380.400	5220.200	REVI	
30	Spectrogram 1	1	15.849057429	16.381242269	1858.400	5261.900	REVI	
31	Spectrogram 1	1	17.078970281	17.518857381	2004.500	5220.200	REVI	
32	Spectrogram 1	1	17.781739586	17.879928670	1252.800	1879.300	AMCR	
33	Spectrogram 1	1	17.677659156	18.182351052	2589.200	4510.200	EWPE	Strong, main section of call
34	Spectrogram 1	1	17.675695374	18.308033080	2568.300	4510.200	EWPE	Tail included
35	Spectrogram 1	1	18.604299574	18.955816498	2150.700	4030.000	REVI	
36	Spectrogram 1	1	18.409885186	19.713836232	2359.500	6995.000	COYE	
37	Spectrogram 1	1	20.039559163	20.469627355	1795.700	5053.100	REVI	
38	Spectrogram 1	1	20.724654433	21.233273892	3215.600	4572.900	EWPE	
39	Spectrogram 1	1	21.150795061	21.584790816	2108.900	5909.200	REVI	
40	Spectrogram 1	1	20.434014742	20.569515679	5011.400	5408.100	SOSP	Single song element
41	Spectrogram 1	1	20.697161489	20.838553771	4865.200	5345.500	SOSP	element
42	Spectrogram 1	1	21.054569758	21.178288005	6389.500	6911.500	SOSP	element
43	Spectrogram 1	1	21.388412646	21.682979901	6201.600	6765.300	SOSP	element
44	Spectrogram 1	1	22.071544134	22.216863980	5366.300	7517.000	SOSP	element
45	Spectrogram 1	1	22.356292480	22.470191818	3821.200	5763.100	SOSP	element
46	Spectrogram 1	1	22.046014972	22.503576107	3675.000	7892.900	SOSP	Two elements together
47	Spectrogram 1	1	20.408485291	22.454745819	4134.400	7517.000	SOSP	Entire song
48	Spectrogram 1	1	22.855092743	23.300871188	2004.500	4948.700	REVI	
49	Spectrogram 1	1	22.634167135	22.706827057	1002.300	3048.600	COGR	
50	Spectrogram 1	1	24.116557773	24.530915711	2317.800	5094.900	REVI	
51	Spectrogram 1	1	24.587865380	25.131832910	3153.000	4572.900	EWPE	
52	Spectrogram 1	1	25.145314839	25.435954530	2568.300	4927.800	REVI	
53	Spectrogram 1	1	26.084436142	26.475228699	2088.100	5011.400	REVI	
54	Spectrogram 1	1	27.887772960	28.235362320	2129.800	5094.900	REVI	
55	Spectrogram 1	1	27.068875993	27.261326599	7433.500	7997.300	SOSP	
56	Spectrogram 1	1	27.440030733	27.622662431	7287.400	7913.800	SOSP	
57	Spectrogram 1	1	27.718887734	27.899555650	7475.300	7913.800	SOSP	
58	Spectrogram 1	1	27.059057084	27.915265904	7350.000	8018.200	SOSP	
59	Spectrogram 1	1	28.343955247	30.056372886	1837.500	6577.400	COYE	Entire song
60	Spectrogram 1	1	28.648341410	28.972365390	2129.800	5825.700	COYE	Song element
61	Spectrogram 1	1	29.716638653	30.019061034	1900.100	4071.700	REVI	
62	Spectrogram 1	1	30.541162422	31.116550460	3194.700	4614.600	EWPE	
63	Spectrogram 1	1	31.057637009	31.318819974	2108.900	4322.300	REVI	
64	Spectrogram 1	1	31.604153541	31.735726915	2422.200	3153.000	REVI	
65	Spectrogram 1	1	32.063678458	32.517312030	3257.400	4447.600	EWPE	
66	Spectrogram 1	1	32.647771098	32.848076831	2714.500	4009.100	REVI	
67	Spectrogram 1	1	32.820583887	33.056237691	1900.100	4364.100	REVI	
68	Spectrogram 1	1	33.761820541	34.665160121	3173.900	4677.300	EWPE	
69	Spectrogram 1	1	33.956234929	34.541441874	3299.100	4531.100	EWPE	
70	Spectrogram 1	1	33.914995513	33.981764091	2526.600	5616.900	RWBL	
71	Spectrogram 1	1	34.565007255	34.832081565	1858.400	3883.800	REVI	
72	Spectrogram 1	1	35.511285490	35.591800539	2756.200	3570.600	REVI	
73	Spectrogram 1	1	35.949208808	36.304653295	2129.800	5387.200	REVI	
74	Spectrogram 1	1	36.599805771	36.902228152	2839.800	4468.500	EWPE	
75	Spectrogram 1	1	36.624220338	37.580582025	2985.900	6389.500	COYE	
76	Spectrogram 1	1	36.590836050	37.158368960	3111.200	4552.000	EWPE	
77	Spectrogram 1	1	36.942352973	37.015012896	1232.000	1879.300	AMCR	
78	Spectrogram 1	1	37.170151650	37.254594263	1211.100	1858.400	AMCR	
79	Spectrogram 1	1	36.924678938	37.741612124	1064.900	2004.500	AMCR	
80	Spectrogram 1	1	38.284201093	38.733907102	3173.900	4447.600	EWPE	
81	Spectrogram 1	1	38.500217080	39.927886373	2589.200	6473.000	COYE	
82	Spectrogram 1	1	39.034365701	39.399629097	2526.600	6598.300	COYE	
83	Spectrogram 1	1	41.128342211	41.369887359	2338.600	4092.600	REVI	
84	Spectrogram 1	1	40.458692652	40.812173358	3153.000	4719.000	EWPE	
85	Spectrogram 1	1	41.315750947	41.588716603	4030.000	5554.300	REVI	
86	Spectrogram 1	1	41.555067772	42.882584199	1670.500	3925.600	AMRO	
87	Spectrogram 1	1	41.908548477	42.252210274	1879.300	2985.900	AMRO	
88	Spectrogram 1	1	42.529103493	42.782431332	1983.700	2839.800	AMRO	
89	Spectrogram 1	1	42.825369987	43.255438178	2547.400	4447.600	EWPE	
90	Spectrogram 1	1	42.805732170	43.591244848	2422.200	4614.600	EWPE	
91	Spectrogram 1	1	43.887511342	44.178151033	584.700	2088.100	RBWO	
92	Spectrogram 1	1	44.992855895	45.303133403	2255.100	4614.600	REVI	
93	Spectrogram 1	1	46.443825738	46.699117358	1941.900	4364.100	REVI	
94	Spectrogram 1	1	46.530232132	47.056525627	3006.800	4301.400	EWPE	
95	Spectrogram 1	1	45.605290953	45.693661130	4907.000	5387.200	SOSP	
96	Spectrogram 1	1	45.893966863	45.988228384	4865.200	5303.700	SOSP	
97	Spectrogram 1	1	46.163004955	46.257266476	4614.600	5199.300	SOSP	
98	Spectrogram 1	1	46.553797513	46.648059034	6452.100	7099.400	SOSP	
99	Spectrogram 1	1	46.860147457	46.950481415	6222.400	6765.300	SOSP	
100	Spectrogram 1	1	45.583689355	46.972083014	4656.400	7329.100	SOSP	
101	Spectrogram 1	1	47.493202331	47.740638824	730.800	2088.100	RBWO	
102	Spectrogram 1	1	47.252506657	48.136208421	2714.500	5679.500	COYE	
103	Spectrogram 1	1	47.285890946	47.523508531	2756.200	5512.500	COYE	
104	Spectrogram 1	1	47.792546624	48.096932787	2798.000	5575.100	COYE	
105	Spectrogram 1	1	48.267517252	48.705440570	1962.800	4844.300	REVI	
106	Spectrogram 1	1	49.035355895	49.518446193	2443.000	4322.300	EWPE	
107	Spectrogram 1	1	49.378753150	50.570768639	2568.300	6681.800	COYE	
108	Spectrogram 1	1	49.510326523	49.883445046	2463.900	6306.000	COYE	
109	Spectrogram 1	1	50.085714560	50.407774759	2505.700	6577.400	COYE	
110	Spectrogram 1	1	51.169457514	51.658439157	3194.700	4384.900	EWPE	
111	Spectrogram 1	1	51.153747261	51.854817326	3069.500	4531.100	EWPE	
112	Spectrogram 1	1	51.764218826	52.005763974	1774.900	4217.900	REVI	
113	Spectrogram 1	1	52.236375908	52.407224916	2651.800	3612.400	REVI	
114	Spectrogram 1	1	53.504714342	54.044754308	3173.900	4364.100	EWPE	
115	Spectrogram 1	1	53.490967870	54.390379887	3132.100	4468.500	EWPE	
116	Spectrogram 1	1	53.249422721	53.473293835	605.500	1900.100	RBWO	
117	Spectrogram 1	1	54.111522886	54.278444330	2213.400	2756.200	GCFL	
118	Spectrogram 1	1	54.107595323	54.296118365	2046.300	3299.100	GCFL	
119	Spectrogram 1	1	54.647370746	54.898734804	2359.500	3883.800	REVI	Entire phrase
120	Spectrogram 1	1	54.645406965	54.727885796	2380.400	3758.500	REVI	Element
121	Spectrogram 1	1	54.824111099	54.900698585	2359.500	3654.100	REVI	Element
122	Spectrogram 1	1	55.033971198	55.393343249	1983.700	4364.100	REVI	
123	Spectrogram 1	1	55.760570426	56.092449533	2317.800	3445.300	REVI	
124	Spectrogram 1	1	55.742896391	55.852868166	2631.000	3299.100	REVI	
125	Spectrogram 1	1	55.911781616	55.998188011	2526.600	3173.900	REVI	
126	Spectrogram 1	1	56.055137680	56.555902013	2484.800	4468.500	EWPE	
127	Spectrogram 1	1	56.066920371	56.801374725	2505.700	4405.800	EWPE	
128	Spectrogram 1	1	56.711625988	56.994410552	709.900	2192.500	RBWO	
129	Spectrogram 1	1	56.939424665	57.326289659	2296.900	4677.300	REVI	
130	Spectrogram 1	1	57.970145513	58.453235810	3194.700	4468.500	EWPE	
131	Spectrogram 1	1	58.515812282	60.530652303	2651.800	6640.100	COYE	Entire song
132	Spectrogram 1	1	59.397550264	59.729429371	2547.400	6389.500	COYE	Single loudest element only
133	Spectrogram 1	1	60.658033570	61.317864220	3153.000	4447.600	EWPE	
134	Spectrogram 1	1	61.682863073	61.975466546	2108.900	4510.200	REVI	
135	Spectrogram 1	1	62.085173779	62.611467273	2296.900	3487.100	AMRO	
136	Spectrogram 1	1	62.903806204	63.064836303	2213.400	3716.800	REVI	
137	Spectrogram 1	1	63.235685310	63.783580404	3299.100	4593.700	EWPE	
138	Spectrogram 1	1	63.767870150	64.148843799	2192.500	5449.900	REVI	
139	Spectrogram 1	1	65.768434614	66.090494812	2401.300	4635.500	REVI	
140	Spectrogram 1	1	64.372450082	65.756916178	2651.800	7203.800	SOSP	
141	Spectrogram 1	1	64.425472188	64.527588836	4656.400	5345.500	SOSP	
142	Spectrogram 1	1	64.729858350	64.833938780	4719.000	5303.700	SOSP	
143	Spectrogram 1	1	65.154035197	65.224731338	6514.800	6911.500	SOSP	
144	Spectrogram 1	1	65.456457578	65.605704987	6347.700	6869.700	SOSP	
145	Spectrogram 1	1	65.140288725	65.381833874	2589.200	3340.900	SOSP	
146	Spectrogram 1	1	65.531081283	65.747097269	2839.800	3758.500	SOSP	
147	Spectrogram 1	1	66.096121614	67.199766928	939.600	1941.900	AMCR	
148	Spectrogram 1	1	66.100049178	66.172709101	1064.900	1816.600	AMCR	
149	Spectrogram 1	1	66.316065164	66.394616432	1085.800	1774.900	AMCR	
150	Spectrogram 1	1	66.869851603	67.074084899	2067.200	4134.400	REVI	
151	Spectrogram 1	1	66.450787984	68.127857553	1816.600	4301.400	AMRO	
152	Spectrogram 1	1	66.454715547	66.629492118	2234.200	4468.500	AMRO	
153	Spectrogram 1	1	67.277540078	67.581926241	1962.800	3508.000	AMRO	
154	Spectrogram 1	1	67.823471390	68.114111081	2067.200	4030.000	AMRO	
155	Spectrogram 1	1	68.129556792	68.504639096	2213.400	4635.500	REVI	
156	Spectrogram 1	1	68.647730329	68.789122611	2422.200	3173.900	AMRO	
157	Spectrogram 1	1	68.879456569	70.246248630	2067.200	7057.700	COYE	
158	Spectrogram 1	1	69.058160704	69.323271233	1858.400	3508.000	REVI	
159	Spectrogram 1	1	69.926152214	70.193226524	1795.700	3424.400	REVI	
160	Spectrogram 1	1	70.517835725	71.150173432	2568.300	4886.100	COYE	
161	Spectrogram 1	1	70.572821613	70.820258107	2818.900	4531.100	COYE	
162	Spectrogram 1	1	71.173738812	71.480088757	1754.000	4614.600	REVI	
163	Spectrogram 1	1	71.556411700	72.025755526	3257.400	4593.700	EWPE	
164	Spectrogram 1	1	71.554447918	72.192676970	3173.900	4739.900	EWPE	
165	Spectrogram 1	1	72.008081490	72.296757400	1900.100	3403.600	REVI	
166	Spectrogram 1	1	72.508580992	72.769763958	3069.500	3695.900	EWPE	
167	Spectrogram 1	1	72.822786064	73.378536284	3006.800	4113.500	AMRO	Entire call
168	Spectrogram 1	1	72.840460099	72.881699515	3299.100	3925.600	AMRO	One note only
169	Spectrogram 1	1	73.419511157	73.975261377	2150.700	2651.800	BLJA	Strongest section only
170	Spectrogram 1	1	73.401837122	74.263937286	1921.000	5658.700	BLJA	Entire call
171	Spectrogram 1	1	75.036288714	75.592038934	2067.200	2610.100	BLJA	
172	Spectrogram 1	1	75.020578461	76.024070908	1962.800	7391.800	BLJA	
173	Spectrogram 1	1	72.625161412	73.997844818	4948.700	7266.500	SOSP	
174	Spectrogram 1	1	72.935438920	73.045410695	4802.600	5387.200	SOSP	
175	Spectrogram 1	1	73.915365986	74.035156670	6285.100	6786.200	SOSP	
176	Spectrogram 1	1	74.367035777	74.693023538	2631.000	5449.900	REVI	
177	Spectrogram 1	1	76.042462530	76.498059884	2777.100	4489.300	EWPE	
178	Spectrogram 1	1	76.046390094	76.321319531	2839.800	4217.900	EWPE	
179	Spectrogram 1	1	76.353589226	76.601025720	2046.300	4343.200	REVI	
180	Spectrogram 1	1	77.129282996	77.207834264	2589.200	3695.900	AMRO	
181	Spectrogram 1	1	77.199714594	79.312743700	2714.500	7287.400	COYE	
182	Spectrogram 1	1	78.193388133	78.485991606	2463.900	7036.800	COYE	
183	Spectrogram 1	1	78.713525539	79.222144998	2088.100	2651.800	BLJA	
184	Spectrogram 1	1	78.717453102	79.493146872	2046.300	5637.800	BLJA	
185	Spectrogram 1	1	80.455984837	80.601304682	2088.100	2714.500	AMRO	
186	Spectrogram 1	1	80.737655095	82.067135303	2610.100	5053.100	COYE	
187	Spectrogram 1	1	81.260021026	81.428906252	2651.800	4656.400	COYE	
188	Spectrogram 1	1	82.679306107	83.117229426	1879.300	2735.400	BLJA	
189	Spectrogram 1	1	82.681269889	83.386267518	1921.000	7600.600	BLJA	
190	Spectrogram 1	1	82.573261896	83.708327716	2965.100	4050.900	AMRO	
191	Spectrogram 1	1	82.583080804	82.628247783	3153.000	3946.400	AMRO	
192	Spectrogram 1	1	83.706099392	84.104747077	3153.000	4447.600	EWPE	
193	Spectrogram 1	1	83.717882082	84.356111134	3320.000	4489.300	EWPE	
194	Spectrogram 1	1	84.108674640	84.291306338	2129.800	3612.400	REVI	
195	Spectrogram 1	1	84.365930042	84.939354298	3340.900	4719.000	EWPE	
196	Spectrogram 1	1	84.379676514	85.116094650	3508.000	4635.500	EWPE	
197	Spectrogram 1	1	85.090565488	85.255523151	2338.600	3883.800	REVI	
198	Spectrogram 1	1	85.102348178	85.341929545	814.300	2046.300	RBWO	
199	Spectrogram 1	1	85.779487285	86.317563470	3320.000	4343.200	EWPE	
200	Spectrogram 1	1	85.769668377	86.429499027	3236.500	4489.300	EWPE	
201	Spectrogram 1	1	86.305780780	86.490376259	2108.900	3716.800	REVI	
202	Spectrogram 1	1	85.997467053	86.867422345	1795.700	3382.700	AMRO	
203	Spectrogram 1	1	86.019068652	86.209555477	2171.600	3048.600	AMRO	
204	Spectrogram 1	1	86.531615675	86.729957626	1879.300	3278.300	AMRO	
205	Spectrogram 1	1	87.020597317	87.271961375	1628.700	3257.400	AMRO	
206	Spectrogram 1	1	87.429649131	87.832224379	2108.900	2672.700	BLJA	
207	Spectrogram 1	1	87.313786011	87.973616661	1921.000	7454.400	BLJA	
208	Spectrogram 1	1	87.618172174	89.475909659	2401.300	7183.000	COYE	
209	Spectrogram 1	1	87.820441689	88.124827852	2505.700	6201.600	COYE	
210	Spectrogram 1	1	88.334952493	88.619700839	2735.400	6619.200	COYE	
211	Spectrogram 1	1	89.236913342	89.562901104	1503.400	3173.900	REVI	
212	Spectrogram 1	1	90.642981037	90.963077453	2004.500	3988.200	REVI	
213	Spectrogram 1	1	89.941910971	90.648872382	3153.000	4760.800	EWPE	
214	Spectrogram 1	1	90.281645205	90.639053473	3695.900	4531.100	EWPE	
215	Spectrogram 1	1	91.416181940	92.720132986	2610.100	4593.700	COYE	
216	Spectrogram 1	1	91.930692744	92.060302336	3027.700	4426.700	COYE	
217	Spectrogram 1	1	92.089759062	92.223296217	2108.900	3340.900	REVI	
218	Spectrogram 1	1	93.174351779	93.822399739	3236.500	4552.000	EWPE	
219	Spectrogram 1	1	93.476774161	93.789015450	3967.300	4343.200	EWPE	
220	Spectrogram 1	1	93.659405859	93.881313190	2568.300	3716.800	REVI	
221	Spectrogram 1	1	94.016814127	94.065908670	1503.400	1962.800	BLJA	Single call
222	Spectrogram 1	1	94.279960875	94.348693234	1503.400	1941.900	BLJA	Single
223	Spectrogram 1	1	94.619695108	94.676644777	1315.500	1733.100	BLJA	Single
224	Spectrogram 1	1	94.916811365	95.036602049	981.400	1921.000	BLJA	Single
225	Spectrogram 1	1	95.227088873	95.335096867	1106.700	1837.500	AMCR	Single call
226	Spectrogram 1	1	95.843716326	95.936014066	1211.100	1858.400	AMCR	Single
227	Spectrogram 1	1	95.207451056	96.075442566	981.400	1941.900	AMCR	Entire sequence
228	Spectrogram 1	1	95.323314177	96.405357891	2234.200	3654.100	AMRO	
229	Spectrogram 1	1	95.374372501	95.547185290	2171.600	3215.600	AMRO	
230	Spectrogram 1	1	95.818187164	96.044022059	2255.100	3445.300	AMRO	
231	Spectrogram 1	1	96.423617148	96.598393719	1921.000	3132.100	AMRO	
232	Spectrogram 1	1	96.164397964	96.272405957	1169.300	1837.500	AMCR	
233	Spectrogram 1	1	97.401580433	97.468349010	1357.200	1837.500	AMCR	
234	Spectrogram 1	1	96.152615274	97.487986827	1211.100	1879.300	AMCR	
235	Spectrogram 1	1	96.529661359	96.924381480	3445.300	3904.700	EWPE	
236	Spectrogram 1	1	96.953838206	97.874851822	1795.700	6222.400	COYE	
237	Spectrogram 1	1	97.474240355	97.758988701	2610.100	6034.500	COYE	
238	Spectrogram 1	1	98.087469068	98.761046190	3299.100	4614.600	EWPE	
239	Spectrogram 1	1	98.370253633	98.790502916	3361.800	4614.600	EWPE	
240	Spectrogram 1	1	98.511645915	98.674639796	2359.500	3612.400	REVI	
241	Spectrogram 1	1	98.240644041	98.497899443	877.000	2025.400	RBWO	
242	Spectrogram 1	1	98.954346272	100.079593184	2944.200	8039.100	BHCO	
243	Spectrogram 1	1	98.975947871	99.351030175	4217.900	5011.400	BHCO	
244	Spectrogram 1	1	99.547408344	99.728076260	4760.800	7537.900	BHCO	
245	Spectrogram 1	1	100.391305389	100.632850537	2505.700	4552.000	REVI	
246	Spectrogram 1	1	100.674089953	100.731039622	1399.000	2025.400	BLJA	
247	Spectrogram 1	1	101.190564539	101.247514208	1461.600	1900.100	BLJA	
248	Spectrogram 1	1	100.654452136	101.693292654	1127.600	2108.900	BLJA	
249	Spectrogram 1	1	101.188600758	101.919127549	3278.300	4531.100	EWPE	
250	Spectrogram 1	1	101.693292654	101.854322753	2401.300	3612.400	REVI	
251	Spectrogram 1	1	101.909308640	102.082121429	1315.500	1941.900	BLJA	
252	Spectrogram 1	1	102.648275779	102.717008139	1378.100	1941.900	BLJA	
253	Spectrogram 1	1	103.771558910	103.834399924	1378.100	1879.300	BLJA	
254	Spectrogram 1	1	102.632565526	104.910552294	1315.500	2067.200	BLJA	
255	Spectrogram 1	1	102.514738624	104.835928589	2088.100	7496.200	COYE	
256	Spectrogram 1	1	103.563398050	103.881530685	2463.900	6765.300	COYE	
257	Spectrogram 1	1	104.335164257	104.392113926	1440.800	1858.400	BLJA	
258	Spectrogram 1	1	105.108365229	105.239938603	2108.900	3048.600	AMRO	
259	Spectrogram 1	1	106.137386838	106.378931987	2171.600	3090.300	AMRO	
260	Spectrogram 1	1	106.473193508	106.612622009	2777.100	3612.400	AMRO	
261	Spectrogram 1	1	105.084799849	106.640114953	2234.200	3695.900	AMRO	
262	Spectrogram 1	1	105.754449407	106.033306408	2526.600	4155.300	REVI	
263	Spectrogram 1	1	105.159423553	105.245829948	1399.000	1921.000	BLJA	Single calls selected sporadically throughout sequence
264	Spectrogram 1	1	105.459882153	105.530578294	1461.600	1879.300	BLJA	
265	Spectrogram 1	1	105.937081105	106.011704810	1419.900	1921.000	BLJA	
266	Spectrogram 1	1	105.114256574	107.371226965	1148.400	2025.400	BLJA	Entire sequence
267	Spectrogram 1	1	106.823331872	107.485126303	3194.700	4447.600	EWPE	
268	Spectrogram 1	1	107.027565168	107.102188872	1440.800	1962.800	BLJA	
269	Spectrogram 1	1	107.532257064	107.710961198	2296.900	4217.900	REVI	
270	Spectrogram 1	1	106.758527076	106.856716160	1503.400	2714.500	BLJA	
271	Spectrogram 1	1	107.261972424	107.403364706	7162.100	9250.100	TUTI	
272	Spectrogram 1	1	108.632692048	108.730881133	7350.000	8874.300	TUTI	
273	Spectrogram 1	1	109.245127395	109.577006501	2129.800	4113.500	REVI	
274	Spectrogram 1	1	109.924595862	110.056169235	7141.200	8582.000	TUTI	
275	Spectrogram 1	1	109.974083022	111.637406119	1232.000	2401.300	BLJA	
276	Spectrogram 1	1	110.887241511	111.056126737	1315.500	1837.500	BLJA	
277	Spectrogram 1	1	110.282396748	110.938299835	3194.700	4468.500	EWPE	
278	Spectrogram 1	1	110.765487046	110.918662018	2651.800	3633.200	REVI	
279	Spectrogram 1	1	111.533325689	111.621695866	1273.700	3988.200	BLJA	
280	Spectrogram 1	1	111.956973739	112.023742316	1482.500	2067.200	BLJA	
281	Spectrogram 1	1	111.678116738	112.110148711	1461.600	3925.600	BLJA	
282	Spectrogram 1	1	112.298671754	114.376352789	2359.500	7099.400	COYE	
283	Spectrogram 1	1	113.308055546	113.612441709	2463.900	6890.600	COYE	
284	Spectrogram 1	1	112.654701282	112.780383311	1649.600	2276.000	BLJA	
285	Spectrogram 1	1	112.367989155	113.699433145	1273.700	2317.800	BLJA	
286	Spectrogram 1	1	113.271328735	113.400938327	7099.400	8623.700	TUTI	
287	Spectrogram 1	1	113.854571899	114.490837169	1399.000	2108.900	BLJA	
288	Spectrogram 1	1	114.443706408	114.477090697	1586.900	1983.700	BLJA	
289	Spectrogram 1	1	114.845167224	115.094567500	793.500	1586.900	RBWO	
290	Spectrogram 1	1	114.633078801	114.746978139	1503.400	3633.200	BLJA	
291	Spectrogram 1	1	114.635042583	115.110277753	1419.900	2108.900	BLJA	
292	Spectrogram 1	1	115.194720366	115.318438613	6995.000	8853.400	TUTI	
293	Spectrogram 1	1	115.275235416	115.770108403	2088.100	3382.700	AMRO	
294	Spectrogram 1	1	116.415928039	116.720314202	1962.800	3173.900	AMRO	
295	Spectrogram 1	1	115.978004721	116.298101137	2380.400	3633.200	AMRO	
296	Spectrogram 1	1	115.353522141	115.928910178	3278.300	4405.800	EWPE	
297	Spectrogram 1	1	115.722713100	115.924982615	3904.700	4259.700	EWPE	
298	Spectrogram 1	1	115.988541167	117.170737749	2484.800	5449.900	COYE	
299	Spectrogram 1	1	116.408790450	116.669973416	3006.800	4760.800	COYE	
300	Spectrogram 1	1	117.166810185	117.263035488	7788.500	8936.900	TUTI	
301	Spectrogram 1	1	116.772090064	117.033273030	1461.600	2213.400	BLJA	
302	Spectrogram 1	1	117.404427770	117.616516194	2923.300	3716.800	AMRO	
303	Spectrogram 1	1	117.825499044	118.184871095	2296.900	5783.900	REVI	
304	Spectrogram 1	1	118.803462329	118.885941161	7412.600	8456.700	TUTI	
305	Spectrogram 1	1	117.972782672	118.143631679	2317.800	3737.600	REVI	
306	Spectrogram 1	1	118.513672114	119.703723822	2192.500	3716.800	?	Just noting that there is a Dark-eyed Junco, Chipping Sparrow, or Swamp Sparrow here, but is to distant to clearly ID or see on sono. If Chris detected only one of those species here. It could be counted as such.
307	Spectrogram 1	1	119.884976671	120.167761235	2150.700	4134.400	REVI	
308	Spectrogram 1	1	120.042079206	120.169725017	2255.100	3883.800	REVI	
309	Spectrogram 1	1	120.244348721	120.303262172	7788.500	8373.200	TUTI	
310	Spectrogram 1	1	120.609612117	121.080919724	3257.400	4259.700	EWPE	
311	Spectrogram 1	1	120.599793208	121.347994035	3090.300	4238.800	EWPE	
312	Spectrogram 1	1	121.704023743	121.757045849	1691.300	2108.900	BLJA	
313	Spectrogram 1	1	121.285738241	123.170968670	1378.100	2213.400	BLJA	
314	Spectrogram 1	1	121.370974472	124.919527998	1879.300	9396.300	SOSP	Entire song
315	Spectrogram 1	1	124.338569583	124.448541358	877.000	1628.700	AMCR	
316	Spectrogram 1	1	123.668920024	124.507454809	772.600	1712.200	AMCR	
317	Spectrogram 1	1	123.882972229	124.825587443	2902.400	8227.000	SOSP	Louder section of song in 314 selected to avoid background calls
318	Spectrogram 1	1	121.989301374	122.427224692	2505.700	5846.600	SOSP	Louder section of song in 314 selected to avoid background calls
320	Spectrogram 1	1	125.178839463	125.525951707	3738.581	4387.111	EWPE	
321	Spectrogram 1	1	126.319607141	126.395413263	2517.820	3757.656	REVI	
322	Spectrogram 1	1	126.680683671	126.794392854	2403.374	4177.292	REVI	
323	Spectrogram 1	1	127.292804471	127.346666715	7019.377	7572.535	TUTI	
324	Spectrogram 1	1	127.745646307	127.813472837	7858.651	9232.007	TUTI	
325	Spectrogram 1	1	126.664411615	126.730243247	1144.464	1564.100	AMCR	
326	Spectrogram 1	1	127.071370798	127.149171818	1068.166	1583.175	AMCR	
327	Spectrogram 1	1	127.715722837	127.925187123	1487.803	3051.903	AMRO	
328	Spectrogram 1	1	128.156595286	128.296238142	2365.225	3204.498	AMRO	
329	Spectrogram 1	1	59.911436232	59.961308681	1392.431	2594.118	Green Frog	
330	Spectrogram 1	1	60.878961740	61.022594393	515.009	858.348	Chicken	
331	Spectrogram 1	1	34.611673787	35.002673787	515.009	858.348	Chicken	
332	Spectrogram 1	1	27.300569276	27.386349888	305.190	991.869	Green Frog	
333	Spectrogram 1	1	27.583844786	27.687579479	133.521	743.901	Green Frog	
334	Spectrogram 1	1	10.872449429	11.028051470	152.595	820.199	Green Frog	
335	Spectrogram 1	1	99.153774350	99.389172309	495.934	858.348	Chicken	
336	Spectrogram 1	1	100.671578556	100.773318352	209.818	686.678	Green Frog	
337	Spectrogram 1	1	128.993785071	129.125448336	2594.118	3433.391	GCFL	
338	Spectrogram 1	1	129.009744255	129.097519765	7343.642	8793.296	TUTI	
339	Spectrogram 1	1	129.334599483	129.438334177	2403.374	3185.424	AMRO	
340	Spectrogram 1	1	129.821041445	129.942730221	171.670	667.604	Green Frog	
341	Spectrogram 1	1	130.060429200	130.247949608	5989.360	7439.014	TUTI	
342	Spectrogram 1	1	129.948714915	130.024521037	2765.787	3204.498	TUTI	
343	Spectrogram 1	1	125.734747800	125.812548821	2689.490	3109.126	TUTI	
344	Spectrogram 1	1	125.880375351	126.077870249	5722.318	7496.237	TUTI	
345	Spectrogram 1	1	131.206341362	131.336009729	3948.400	6313.625	COYE	
346	Spectrogram 1	1	132.409792715	132.473629449	2670.415	3185.424	TUTI	
347	Spectrogram 1	1	132.557415163	132.780843734	5760.467	7324.567	TUTI	
348	Spectrogram 1	1	133.473073325	133.666578427	3891.176	4387.111	EWPE	
349	Spectrogram 1	1	133.069790799	133.131632636	2422.448	2765.787	RBWO	
350	Spectrogram 1	1	133.760025492	133.889693859	2288.927	3166.349	AMRO	
351	Spectrogram 1	1	133.913632635	133.967494879	2689.490	3070.978	TUTI	
352	Spectrogram 1	1	134.053275491	134.274709165	5913.062	7763.279	TUTI	
353	Spectrogram 1	1	134.526066307	134.645760184	858.348	1373.356	RBWO	
354	Spectrogram 1	1	135.251896024	135.325707249	2384.299	2765.787	TUTI	
355	Spectrogram 1	1	135.537166432	135.682793983	724.827	1239.836	RBWO	
356	Spectrogram 1	1	136.093429823	136.189184925	7210.121	8144.766	TUTI	
357	Spectrogram 1	1	134.924419621	135.030149212	7019.377	8354.585	TUTI	
358	Spectrogram 1	1	136.326832884	136.556246149	915.571	1869.291	RBWO	
359	Spectrogram 1	1	136.212810561	136.320535051	2460.597	3433.391	SOSP	
360	Spectrogram 1	1	137.192305458	137.413739131	782.050	1602.249	RBWO	
361	Spectrogram 1	1	137.900181382	137.983967096	4673.227	5626.946	SOSP	
362	Spectrogram 1	1	137.954043626	138.033839545	1926.514	2899.308	RBWO	
363	Spectrogram 1	1	138.476706891	138.612359952	1068.166	1754.844	RBWO	
364	Spectrogram 1	1	139.443606122	139.692968366	6504.369	7229.196	SOSP	
365	Spectrogram 1	1	140.520851018	140.670468365	4043.772	6275.476	COYE	
366	Spectrogram 1	1	140.796146936	140.877937752	171.670	534.083	Green Frog	
367	Spectrogram 1	1	142.140394731	142.274052894	2384.299	2823.010	AMRO	
368	Spectrogram 1	1	141.787297793	141.861109018	1297.059	1850.216	RBWO	
369	Spectrogram 1	1	142.597754248	142.687524656	2613.192	3261.721	AMRO	
370	Spectrogram 1	1	142.986759350	143.112437921	1258.910	1888.365	RBWO	
371	Spectrogram 1	1	143.262055268	143.301953227	4673.227	5989.360	NOCA	
372	Spectrogram 1	1	143.706604373	143.860211516	2594.118	3624.135	AMRO	
373	Spectrogram 1	1	144.895250128	145.114688903	3833.953	4234.516	EWPE	
374	Spectrogram 1	1	144.855352169	144.981030740	2555.969	3490.614	AMRO	
375	Spectrogram 1	1	145.150597066	145.292234821	6676.038	7152.898	SOSP	
376	Spectrogram 1	1	145.519653188	145.593464412	2708.564	3490.614	REVI	
377	Spectrogram 1	1	145.992130576	146.055967311	6485.294	7934.948	TUTI	
378	Spectrogram 1	1	146.584615269	146.802059147	2403.374	3509.689	AMRO	
379	Spectrogram 1	1	147.340055317	147.419851235	2384.299	3280.796	AMRO	
380	Spectrogram 1	1	148.501085927	148.562927764	5035.640	5646.021	SOSP	
381	Spectrogram 1	1	149.123494090	149.179351232	6542.517	7038.452	SOSP	
382	Spectrogram 1	1	148.985846131	149.083596131	152.595	610.381	Green Frog	
383	Spectrogram 1	1	150.324950256	150.406741072	2231.704	2746.713	SOSP	
384	Spectrogram 1	1	152.033951527	152.101778057	114.446	610.381	Green Frog	
385	Spectrogram 1	1	151.818502547	151.860395404	2975.606	3719.507	COYE	
386	Spectrogram 1	1	152.225461730	152.361114791	3967.474	6733.261	COYE	
387	Spectrogram 1	1	153.110883284	153.222597570	2365.225	2842.085	AMRO	
388	Spectrogram 1	1	153.597638385	153.703367977	2536.894	3147.275	AMRO	
389	Spectrogram 1	1	153.823061854	153.932781242	6790.484	8201.990	TUTI	
390	Spectrogram 1	1	154.525793820	154.661446881	4062.846	4425.260	EWPE	
391	Spectrogram 1	1	154.316329534	154.414079534	3166.349	4081.920	COYE	
392	Spectrogram 1	1	155.088355043	155.146207084	6275.476	7419.939	TUTI	
393	Spectrogram 1	1	155.562827618	155.656587822	4177.292	5855.839	REVI	
394	Spectrogram 1	1	155.714439863	155.872036801	2498.746	3833.953	REVI	
395	Spectrogram 1	1	156.612671828	156.664539175	2727.638	3242.647	AMRO	
396	Spectrogram 1	1	156.957789174	157.033595296	2365.225	3757.656	REVI	
397	Spectrogram 1	1	157.334824888	157.753753459	4577.855	5245.458	BHCO	
398	Spectrogram 1	1	158.014771952	158.218251544	4997.491	9117.561	BHCO	
399	Spectrogram 1	1	158.178353584	158.306027054	2670.415	3681.358	AMRO	
400	Spectrogram 1	1	159.231659705	159.303476032	2861.159	3624.135	AMRO	
401	Spectrogram 1	1	160.455900773	160.509763017	1506.877	2212.630	Green Frog	
402	Spectrogram 1	1	160.803013017	160.954625262	3929.325	6161.029	COYE	
403	Spectrogram 1	1	161.056365057	161.122196690	2613.192	3013.754	AMRO	
404	Spectrogram 1	1	161.830072325	161.983679468	3776.730	4368.036	EWPE	
405	Spectrogram 1	1	162.578686944	162.644518576	2384.299	3528.763	REVI	
406	Spectrogram 1	1	163.841457350	164.068875717	3891.176	4482.483	EWPE	
407	Spectrogram 1	1	164.320232859	164.388059390	7038.452	7858.651	TUTI	
408	Spectrogram 1	1	165.372912703	165.690101478	3261.721	3643.209	BCCH	
409	Spectrogram 1	1	165.931170991	166.046875073	2498.746	3700.433	AMRO	
410	Spectrogram 1	1	166.798951602	166.850818949	1468.728	2269.853	Green Frog	
411	Spectrogram 1	1	167.084222010	167.162023030	2746.713	4215.441	COYE	
412	Spectrogram 1	1	167.293686295	167.343558744	2842.085	3280.796	AMRO	
413	Spectrogram 1	1	168.734217654	168.829972756	2460.597	3891.176	REVI	
414	Spectrogram 1	1	169.882125002	169.943966839	1277.984	2117.258	Green Frog	
415	Spectrogram 1	1	169.754451533	169.796344390	1545.026	2460.597	Gray Catbird	
416	Spectrogram 1	1	170.313022961	170.478599491	3910.251	4329.888	EWPE	
417	Spectrogram 1	1	170.504533164	170.584329083	2479.671	3528.763	REVI	
418	Spectrogram 1	1	170.829701531	170.965354592	3948.400	6313.625	COYE	
419	Spectrogram 1	1	172.450086556	172.545841658	4749.524	5665.095	SOSP	
420	Spectrogram 1	1	173.864997092	174.072466480	6485.294	7057.526	SOSP	
421	Spectrogram 1	1	174.880087013	174.915995176	1487.803	2365.225	GRCA	
422	Spectrogram 1	1	175.763513669	176.110625913	38.149	457.785	Bullfrog	
423	Spectrogram 1	1	176.020542366	176.108317876	6695.112	7820.502	TUTI	
424	Spectrogram 1	1	176.220032162	176.375634202	1850.216	3032.829	TUTI	
425	Spectrogram 1	1	177.201208817	177.612157796	19.074	438.711	Bullfrog	
426	Spectrogram 1	1	177.807657796	177.949295551	3280.796	3681.358	BCCH	
427	Spectrogram 1	1	177.999168000	178.068989428	1106.315	1659.472	AMCR	
428	Spectrogram 1	1	178.178395677	178.246222208	3261.721	4196.367	REVI	
429	Spectrogram 1	1	178.539472207	178.663155880	3929.325	4463.408	EWPE	
430	Spectrogram 1	1	178.589344656	178.948426288	38.149	534.083	Bullfrog	
431	Spectrogram 1	1	178.804793635	179.008273227	5626.946	7553.460	TUTI	
432	Spectrogram 1	1	179.305199883	179.606429475	6809.559	7171.972	SOSP	
433	Spectrogram 1	1	179.859781515	180.234822331	19.074	400.562	Bullfrog	
434	Spectrogram 1	1	180.604406338	180.813870623	5340.830	6199.178	BLJA	
435	Spectrogram 1	1	181.119090010	181.244768581	4024.697	6161.029	COYE	
436	Spectrogram 1	1	181.833263478	181.921038988	4692.301	5588.798	SOSP	
437	Spectrogram 1	1	181.154998173	181.589885928	0.000	419.637	Bullfrog	
438	Spectrogram 1	1	182.406327077	182.835230137	19.074	400.562	Bullfrog	
439	Spectrogram 1	1	183.639174013	183.818714829	6485.294	7095.675	SOSP	
440	Spectrogram 1	1	183.954895776	184.288043734	19.074	419.637	Bullfrog	
441	Spectrogram 1	1	185.361298834	185.536849854	3948.400	4406.185	EWPE	
442	Spectrogram 1	1	185.314262019	185.398047733	1850.216	3013.754	TUTI	
444	Spectrogram 1	1	185.577588549	185.659379365	2632.266	2994.680	TUTI	
445	Spectrogram 1	1	185.693292631	185.888792630	5855.839	7706.055	TUTI	
446	Spectrogram 1	1	186.838891913	186.970555178	1010.943	1545.026	AMCR	
447	Spectrogram 1	1	187.628871503	187.842325585	2746.713	3376.168	BLJA	
449	Spectrogram 1	1	186.713213342	186.785029668	2765.787	3109.126	AMRO	
450	Spectrogram 1	1	187.435053263	187.486920610	2823.010	3147.275	AMRO	
451	Spectrogram 1	1	187.919813466	188.037512445	2460.597	3452.465	GRCA	
452	Spectrogram 1	1	188.412553261	188.456441016	1945.588	2632.266	GRCA	
453	Spectrogram 1	1	188.899308362	189.032966525	3986.548	4444.334	EWPE	
454	Spectrogram 1	1	189.055438288	189.117280125	7000.303	7915.874	TUTI	
455	Spectrogram 1	1	189.159172982	189.314775022	6714.187	7038.452	SOSP	
456	Spectrogram 1	1	189.264902573	189.364647471	2727.638	3872.102	REVI	
457	Spectrogram 1	1	189.179121961	189.228994410	1144.464	2193.555	GRCA	
458	Spectrogram 1	1	189.520249512	189.580096450	57.223	553.157	Green Frog	
459	Spectrogram 1	1	190.819455966	190.933165149	3891.176	6275.476	COYE	
460	Spectrogram 1	1	190.450399844	190.550144742	2498.746	3395.242	GRCA	
461	Spectrogram 1	1	191.350098822	191.427899842	190.744	705.753	Green Frog	
462	Spectrogram 1	1	191.507695761	191.639359026	4863.971	5588.798	SOSP	
463	Spectrogram 1	1	192.340096093	192.376004257	1335.208	2136.332	GRCA	
464	Spectrogram 1	1	193.465218540	193.620820581	6561.592	6962.154	SOSP	
465	Spectrogram 1	1	193.317596092	193.385422622	76.298	705.753	Green Frog	
466	Spectrogram 1	1	194.613966624	194.687777849	3528.763	4520.631	GCFL	
467	Spectrogram 1	1	194.835400297	194.903226828	2441.522	3299.870	REVI	
468	Spectrogram 1	1	195.528157773	195.566060834	1392.431	2231.704	GRCA	
469	Spectrogram 1	1	195.701713895	195.745601650	1125.389	2155.407	GRCA	
470	Spectrogram 1	1	195.292759814	195.336647569	1621.324	2060.035	GRCA	
471	Spectrogram 1	1	196.158545527	196.248315935	7019.377	9003.114	TUTI	
472	Spectrogram 1	1	195.653679631	195.763399018	3805.342	4396.648	EWPE	
473	Spectrogram 1	1	196.177340344	196.259131160	2346.151	3605.061	REVI	
474	Spectrogram 1	1	196.589129770	196.932252219	2327.076	3261.721	BLJA	
475	Spectrogram 1	1	196.750716505	196.884374668	1068.166	1545.026	AMCR	
476	Spectrogram 1	1	196.980129770	197.047956300	1201.687	1487.803	AMCR	
477	Spectrogram 1	1	197.367139973	197.512767524	3986.548	4272.664	EWPE	
478	Spectrogram 1	1	197.309287932	197.361155279	2594.118	3376.168	REVI	
479	Spectrogram 1	1	198.325218877	198.462866836	6733.261	7114.749	SOSP	
480	Spectrogram 1	1	198.436933162	198.522713775	2384.299	3223.573	REVI	
481	Spectrogram 1	1	198.887780100	199.137142345	4463.408	5264.533	BLJA	
482	Spectrogram 1	1	198.638417856	198.738162754	76.298	705.753	Green Frog	
483	Spectrogram 1	1	200.440025456	200.569693824	4005.623	6180.104	COYE	
484	Spectrogram 1	1	202.083508522	202.157319746	4730.450	5722.318	SOSP	
485	Spectrogram 1	1	202.870314609	203.024039612	1015.854	1553.659	RBWO	
486	Spectrogram 1	1	204.370353160	204.595981794	7529.268	8067.073	SOSP	
487	Spectrogram 1	1	204.695159215	204.776980588	2270.732	3884.146	GRCA	
488	Spectrogram 1	1	205.165012249	205.219559831	2599.390	3017.683	TUTI	
489	Spectrogram 1	1	205.286504590	205.467503384	5676.829	7469.512	TUTI	
490	Spectrogram 1	1	205.830115463	206.003675951	3914.024	4392.073	EWPE	
491	Spectrogram 1	1	205.738376349	205.921854578	6812.195	7200.610	SOSP	
492	Spectrogram 1	1	206.473518867	206.580134595	2270.732	3854.268	REVI	
493	Spectrogram 1	1	207.346280175	207.423142676	179.268	806.707	Green Frog	
494	Spectrogram 1	1	207.007855221	207.064882239	1284.756	2360.366	COGR	
495	Spectrogram 1	1	207.481427408	207.617796363	2270.732	3585.366	REVI	
496	Spectrogram 1	1	207.922777651	208.074023219	735.000	1975.312	RBWO	
497	Spectrogram 1	1	207.835997407	208.071543783	2802.187	4410.000	TUTI	
498	Spectrogram 1	1	207.692190146	207.774011519	964.687	1561.875	AMCR	
499	Spectrogram 1	1	208.321966772	208.428582500	1010.625	1745.625	AMCR	
500	Spectrogram 1	1	208.730261377	208.898862993	2250.937	3858.750	REVI	
501	Spectrogram 1	1	208.834397669	208.931095655	7120.312	8544.375	TUTI	
502	Spectrogram 1	1	208.755055732	208.846794847	1010.625	1561.875	AMCR	
503	Spectrogram 1	1	209.615419862	209.704679541	826.875	1653.750	AMCR	
504	Spectrogram 1	1	209.595584378	209.761706559	3215.625	3675.000	EWPE	
505	Spectrogram 1	1	209.097217836	209.208792435	964.687	1653.750	AMCR	
506	Spectrogram 1	1	210.598131422	210.734500376	3812.812	6569.062	COYE	
507	Spectrogram 1	1	211.327085469	211.371715308	1010.625	2756.250	GRCA	
508	Spectrogram 1	1	212.778410429	212.860231802	3491.250	5650.312	SOSP	
509	Spectrogram 1	1	211.865978153	212.002347107	4869.375	5282.812	BLJA	
510	Spectrogram 1	1	211.712253150	211.781677345	2113.125	3399.375	REVI	
511	Spectrogram 1	1	214.226443781	214.338018380	45.937	689.062	Green Frog	
512	Spectrogram 1	1	214.108702848	214.180606479	1056.562	1561.875	AMCR	
513	Spectrogram 1	1	215.036011738	215.110394804	1010.625	1607.812	AMCR	
514	Spectrogram 1	1	215.968717793	216.033183116	2940.000	3720.937	REVI	
515	Spectrogram 1	1	215.579446414	215.673664964	1056.562	1653.750	AMCR	
516	Spectrogram 1	1	216.323277074	216.422454495	4410.000	7993.125	OVEN	
517	Spectrogram 1	1	216.798099729	216.894797714	2940.000	4455.937	OVEN	
518	Spectrogram 1	1	217.945287537	218.153560122	2388.750	3812.812	REVI	
519	Spectrogram 1	1	218.116368589	218.334558916	1699.687	1975.312	BLJA	
520	Spectrogram 1	1	218.790796554	218.867659056	5236.875	7395.937	DOWO	
521	Spectrogram 1	1	219.886707060	220.018117143	4042.500	6431.250	COYE	
522	Spectrogram 1	1	219.428011486	219.492476810	91.875	826.875	Green Frog	
523	Spectrogram 1	1	220.402429651	220.481771588	183.750	964.687	Green Frog	
524	Spectrogram 1	1	218.718892924	218.773440505	3353.437	3858.750	EWPE	
525	Spectrogram 1	1	220.981410098	221.043395986	964.687	1470.000	AMCR	
526	Spectrogram 1	1	221.611186724	221.678131483	918.750	1607.812	AMCR	
527	Spectrogram 1	1	221.221915345	221.291339540	3812.812	6063.750	SOSP	
528	Spectrogram 1	1	222.608358102	222.789356896	6385.312	7212.187	SOSP	
529	Spectrogram 1	1	224.627056836	224.716316515	45.937	780.937	Green Frog	
530	Spectrogram 1	1	224.160922956	224.274976990	2205.000	3537.187	REVI	
531	Spectrogram 1	1	224.529129883	224.601033513	6201.562	7395.937	TUTI	
532	Spectrogram 1	1	225.539510612	225.784974730	3858.750	4501.875	EWPE	
533	Spectrogram 1	1	225.274211010	225.341155770	6201.562	7625.625	TUTI	
534	Spectrogram 1	1	225.903987636	226.072589252	2388.750	5099.062	REVI	
535	Spectrogram 1	1	226.770122440	226.894094216	1745.625	3353.437	VEER	
536	Spectrogram 1	1	223.588151392	223.652616715	1883.437	2618.437	VEER	
537	Spectrogram 1	1	227.292075784	227.386294335	2342.812	3858.750	REVI	
538	Spectrogram 1	1	228.186756633	228.318166716	4364.062	7993.125	OVEN	
539	Spectrogram 1	1	228.407426395	228.484288897	7579.687	8820.000	TUTI	
540	Spectrogram 1	1	228.950422777	229.086791732	2205.000	3583.125	VEER	
541	Spectrogram 1	1	229.451268755	229.587637709	4042.500	6569.062	COYE	
542	Spectrogram 1	1	229.911236211	230.000495891	7533.750	8957.812	TUTI	
543	Spectrogram 1	1	229.950907180	230.005454762	137.812	689.062	Green Frog	
544	Spectrogram 1	1	230.786476955	230.940201958	2113.125	3629.062	REVI	
545	Spectrogram 1	1	231.054255993	231.098885832	7350.000	8176.875	TUTI	
546	Spectrogram 1	1	231.180707205	231.230295915	2480.625	3123.750	REVI	
547	Spectrogram 1	1	231.501865428	231.583686801	7212.187	8314.687	TUTI	
548	Spectrogram 1	1	233.132938630	233.197403954	4501.875	5971.875	SOSP	
549	Spectrogram 1	1	231.839068661	231.893616242	2113.125	2526.562	BLJA	
550	Spectrogram 1	1	236.703807177	236.817861212	2388.750	4685.625	REVI	
551	Spectrogram 1	1	236.711245484	236.775710808	7625.625	8911.875	TUTI	
552	Spectrogram 1	1	237.457555580	237.613760018	1148.437	2067.187	RBWO	
553	Spectrogram 1	1	237.194340034	237.281120278	4777.500	5558.437	SOSP	
554	Spectrogram 1	1	237.672871092	237.900979161	3904.687	4410.000	EWPE	
555	Spectrogram 1	1	238.134046101	238.258017878	2342.812	3858.750	REVI	
556	Spectrogram 1	1	237.520791681	237.607571925	7120.312	7947.187	TUTI	
557	Spectrogram 1	1	238.507233144	238.601451695	2848.125	4639.687	AGOL	
558	Spectrogram 1	1	236.277760720	236.357102658	2664.375	4180.312	AGOL	
559	Spectrogram 1	1	239.539095121	239.682902381	3812.812	6339.375	COYE	
560	Spectrogram 1	1	239.722573350	239.819271336	1010.625	1653.750	AMCR	
561	Spectrogram 1	1	240.057297147	240.203583844	1929.375	3031.875	SCTA	
562	Spectrogram 1	1	240.683386869	240.757769935	6706.875	7717.500	TUTI	
563	Spectrogram 1	1	241.191671154	241.248698171	4961.250	6936.562	TUTI	
564	Spectrogram 1	1	241.464409062	241.536312693	7304.062	8268.750	TUTI	
565	Spectrogram 1	1	241.607820944	241.706998365	2021.250	2618.437	AMRO	
566	Spectrogram 1	1	242.693813708	242.768196774	45.937	643.125	Green Frog	
567	Spectrogram 1	1	242.887209679	242.961592745	45.937	689.062	Green Frog	
568	Spectrogram 1	1	241.477639829	241.539625717	3353.437	4088.437	REVI	
569	Spectrogram 1	1	242.478936405	242.605387617	3077.812	3950.625	REVI	
570	Spectrogram 1	1	242.734318265	242.840933993	2113.125	3950.625	REVI	
571	Spectrogram 1	1	243.282273518	243.346738842	7350.000	8314.687	TUTI	
572	Spectrogram 1	1	244.312928026	244.454255852	2159.062	3399.375	REVI	
573	Spectrogram 1	1	245.203066798	245.270011557	2756.250	3766.875	OVEN	
574	Spectrogram 1	1	245.689036162	245.760939793	2894.062	4226.250	REVI	
575	Spectrogram 1	1	247.037870508	247.089938654	2296.875	3353.437	REVI	
576	Spectrogram 1	1	247.367635434	247.422183016	4869.375	5374.687	SOSP	
577	Spectrogram 1	1	248.897885452	248.952433034	5696.250	6569.062	COYE	
578	Spectrogram 1	1	248.920200372	248.992104003	2480.625	4318.125	REVI	
579	Spectrogram 1	1	248.506134638	248.610270930	2894.062	4364.062	REVI	
580	Spectrogram 1	1	249.902495138	249.966960462	183.750	872.812	Green Frog	
581	Spectrogram 1	1	249.446278999	249.505785452	3399.375	6063.750	SOSP	
582	Spectrogram 1	1	251.110835416	251.267039855	6431.250	7074.375	SOSP	
583	Spectrogram 1	1	251.859624947	251.983596724	3996.562	6477.187	COYE	
584	Spectrogram 1	1	252.884486996	252.921678529	91.875	780.937	Green Frog	
585	Spectrogram 1	1	253.348141441	253.442359991	7395.937	8360.625	TUTI	
586	Spectrogram 1	1	253.459320660	253.526265420	4869.375	5328.750	SOSP	
587	Spectrogram 1	1	254.773421493	254.860201737	6293.437	6890.625	SOSP	
588	Spectrogram 1	1	254.360189348	254.409778058	2664.375	3215.625	REVI	
589	Spectrogram 1	1	254.608132901	254.684995403	2526.562	3583.125	REVI	
590	Spectrogram 1	1	255.106103979	255.252390676	91.875	964.687	Green Frog	
591	Spectrogram 1	1	255.696209636	255.807784235	0.000	689.062	Green Frog	
592	Spectrogram 1	1	255.956550367	256.040851175	2159.062	2848.125	WBNU	
593	Spectrogram 1	1	255.346609226	255.411074550	5512.500	6752.812	TUTI	
594	Spectrogram 1	1	255.726818036	255.796242231	2113.125	2480.625	WBNU	
595	Spectrogram 1	1	256.554949504	256.626853135	7395.937	8314.687	TUTI	
596	Spectrogram 1	1	255.982199896	256.044185784	6247.500	7166.250	TUTI	
597	Spectrogram 1	1	257.333492262	257.397957586	6385.312	7441.875	TUTI	
598	Spectrogram 1	1	257.591353557	257.670695494	7350.000	8176.875	TUTI	
599	Spectrogram 1	1	256.416101114	256.525196278	2250.937	3675.000	REVI	
600	Spectrogram 1	1	257.095466451	257.402916457	3353.437	3812.812	BCCH	
601	Spectrogram 1	1	256.799184654	256.836376187	3996.562	5650.312	RWBL	
602	Spectrogram 1	1	258.487701753	258.567043690	2434.687	3583.125	GRCA	
603	Spectrogram 1	1	259.226178162	259.317917277	4364.062	5834.062	SOSP	
604	Spectrogram 1	1	258.777400331	258.888974930	1056.562	1424.062	AMCR	
605	Spectrogram 1	1	259.025343884	259.131959612	964.687	1699.687	AMCR	
606	Spectrogram 1	1	259.250972518	259.355108810	1010.625	1515.937	AMCR	
607	Spectrogram 1	1	259.441889054	259.548504782	1056.562	1699.687	AMCR	
608	Spectrogram 1	1	259.795219283	259.884478962	964.687	1607.812	AMCR	
609	Spectrogram 1	1	260.132422515	260.234079372	1102.500	1653.750	AMCR	
610	Spectrogram 1	1	259.981176948	260.030765658	3720.937	4777.500	COYE	
611	Spectrogram 1	1	261.216791017	261.385392633	6339.375	7120.312	SOSP	
612	Spectrogram 1	1	261.754828528	261.901115224	2618.437	6523.125	COYE	
613	Spectrogram 1	1	260.487003296	260.593619024	1056.562	1607.812	AMCR	
614	Spectrogram 1	1	262.344122011	262.418505077	91.875	1010.625	Green Frog	
615	Spectrogram 1	1	263.287557982	263.371858790	7258.125	9233.437	TUTI	
616	Spectrogram 1	1	263.131353543	263.188380560	2985.937	4042.500	OVEN	
617	Spectrogram 1	1	263.715688070	263.780153394	2802.187	4226.250	OVEN	
618	Spectrogram 1	1	265.024017859	265.098400925	1561.875	2756.250	GRCA	
619	Spectrogram 1	1	264.267790021	264.371926313	2434.687	4180.312	GRCA	
620	Spectrogram 1	1	265.702175642	265.783997015	4088.437	4501.875	SOSP	
621	Spectrogram 1	1	268.606449741	268.668435629	2985.937	4410.000	REVI	
622	Spectrogram 1	1	267.037779221	267.122080029	7350.000	8406.562	TUTI	
623	Spectrogram 1	1	268.618034745	268.684979504	7579.687	8452.500	TUTI	
624	Spectrogram 1	1	268.622598237	268.677145818	91.875	872.812	Green Frog	
625	Spectrogram 1	1	269.487921238	269.755700276	3123.750	3950.625	EWPE	
626	Spectrogram 1	1	269.966452296	270.182163187	2664.375	3629.062	REVI	
627	Spectrogram 1	1	270.261526624	270.392936708	1561.875	2021.250	AMCR	
628	Spectrogram 1	1	270.588812115	270.687989536	1240.312	1699.687	AMCR	
629	Spectrogram 1	1	270.949580735	271.014046059	2710.312	4134.375	OVEN	
630	Spectrogram 1	1	271.557042441	271.658699297	2756.250	4272.187	REVI	
631	Spectrogram 1	1	271.487618246	271.547124698	1240.312	2113.125	Green Frog	
632	Spectrogram 1	1	272.107477129	272.315749714	872.812	2021.250	RBWO	
633	Spectrogram 1	1	272.050450112	272.129792049	3629.062	6201.562	SOSP	
634	Spectrogram 1	1	272.936880480	273.155070807	872.812	2021.250	RBWO	
635	Spectrogram 1	1	272.827785317	272.912086125	4042.500	6063.750	COYE	
636	Spectrogram 1	1	274.345221363	274.417124994	45.937	964.687	Green Frog	
637	Spectrogram 1	1	274.642753627	274.714657258	91.875	1056.562	Green Frog	
638	Spectrogram 1	1	274.129510472	274.345221363	7625.625	8406.562	SOSP	
639	Spectrogram 1	1	275.038651054	275.113034120	2159.062	2664.375	SOSP	
640	Spectrogram 1	1	275.172540573	275.370895416	2388.750	4364.062	REVI	
641	Spectrogram 1	1	275.768866234	275.833331558	505.312	1699.687	GRHE	I'm inclined toward this being a Green Heron, but leave it unassigned if Chris didn't get one, since it's so faint and there are chickens nearby.
642	Spectrogram 1	1	276.032926118	276.089953136	3537.187	5834.062	EAPH	
643	Spectrogram 1	1	276.456909595	276.627990646	2434.687	4180.312	REVI	
644	Spectrogram 1	1	277.068517828	277.130503716	964.687	1515.937	BLJA	
645	Spectrogram 1	1	277.662353303	277.716900885	137.812	964.687	Green Frog	
646	Spectrogram 1	1	277.751612983	278.049145247	3675.000	4272.187	BCCH	
647	Spectrogram 1	1	278.721093691	278.847544904	2205.000	3950.625	REVI	
648	Spectrogram 1	1	279.476926065	279.541391389	2710.312	3996.562	OVEN	
649	Spectrogram 1	1	280.481097456	280.525727296	6385.312	7074.375	OVEN	
650	Spectrogram 1	1	280.812946438	280.966671442	2205.000	3307.500	REVI	
651	Spectrogram 1	1	281.440265128	281.499771581	0.000	780.937	Green Frog	
652	Spectrogram 1	1	282.224600261	282.348572037	3720.937	6247.500	COYE	
653	Spectrogram 1	1	282.646104301	282.715528496	4226.250	5880.000	SOSP	
654	Spectrogram 1	1	283.268047241	283.577976683	0.000	367.500	Bullfrog	
655	Spectrogram 1	1	284.427632397	284.675575951	6385.312	7074.375	SOSP	
656	Spectrogram 1	1	285.511145726	285.778924763	3858.750	4226.250	EWPE	
657	Spectrogram 1	1	284.568960223	284.633425547	1102.500	1561.875	AMCR	
658	Spectrogram 1	1	286.483939628	286.593034792	1745.625	2388.750	REVI	
659	Spectrogram 1	1	287.431084002	287.493069890	2802.187	4226.250	REVI	
660	Spectrogram 1	1	286.612870276	286.726924310	91.875	872.812	Green Frog	
661	Spectrogram 1	1	287.272400128	287.336865452	91.875	780.937	Green Frog	
662	Spectrogram 1	1	288.432797373	288.554289714	2113.125	4410.000	REVI	
663	Spectrogram 1	1	289.435344502	289.502289261	321.562	2067.187	Chicken	
664	Spectrogram 1	1	289.695685233	290.018011852	3675.000	4501.875	EWPE	
665	Spectrogram 1	1	289.209715868	289.294016676	2434.687	3031.875	REVI	
666	Spectrogram 1	1	290.181654597	290.486625168	3261.562	3583.125	BCCH	
667	Spectrogram 1	1	290.724255600	290.840789070	2572.500	4364.062	REVI	
668	Spectrogram 1	1	291.199911843	291.259418296	6660.937	8452.500	TUTI	
669	Spectrogram 1	1	291.589183222	291.951180810	735.000	1607.812	Chicken	
670	Spectrogram 1	1	292.350369931	292.494177192	3858.750	6523.125	COYE	
671	Spectrogram 1	1	293.297952599	293.379773971	0.000	735.000	Green Frog	
672	Spectrogram 1	1	293.188857435	293.513663490	1010.625	1837.500	Chicken	
674	Spectrogram 1	1	294.662092477	294.766228770	2342.812	3720.937	REVI	
675	Spectrogram 1	1	294.791023125	294.853009013	3720.937	5880.000	SOSP	
676	Spectrogram 1	1	295.512977075	295.622072238	45.937	780.937	Green Frog	
677	Spectrogram 1	1	296.016302488	296.098123861	2480.625	3583.125	REVI	
678	Spectrogram 1	1	296.393176689	296.450203707	2067.187	2618.437	SOSP	
679	Spectrogram 1	1	297.634847661	297.800969842	1580.645	2647.581	Chicken	
680	Spectrogram 1	1	299.111341404	299.203080518	2647.581	4386.290	REVI	
681	Spectrogram 1	1	299.651858350	299.746076900	0.000	711.290	Green Frog	
682	Spectrogram 1	1	299.866319118	299.913428393	3279.839	4623.387	REVI	
683	Spectrogram 1	1	300.070247488	300.246287411	1106.452	1778.226	RBWO	
684	Spectrogram 1	1	301.399224934	301.466169693	79.032	750.806	Green Frog	
685	Spectrogram 1	1	301.334759610	301.642209616	4070.161	4623.387	EWPE	
686	Spectrogram 1	1	302.682937649	302.774676764	3556.452	6283.065	SOSP	
687	Spectrogram 1	1	304.667715677	304.801605195	3833.065	6243.548	COYE	
688	Spectrogram 1	1	305.912987325	305.972493777	118.548	1066.935	Green Frog	
689	Spectrogram 1	1	306.153492571	306.381600640	4109.677	4741.935	EWPE	
690	Spectrogram 1	1	306.513625091	306.620240819	2252.419	3516.935	REVI	
691	Spectrogram 1	1	307.418619061	307.468207772	2133.871	2647.581	SOSP	
692	Spectrogram 1	1	306.910334777	307.051662602	1462.097	2173.387	RBWO	
693	Spectrogram 1	1	307.704983460	307.819037494	3082.258	4504.839	COYE	
694	Spectrogram 1	1	308.673192918	308.730219935	2805.645	3951.613	REVI	
695	Spectrogram 1	1	309.032711071	309.203792122	2291.935	4188.710	REVI	
696	Spectrogram 1	1	309.771582860	309.863321974	3240.323	4228.226	REVI	
697	Spectrogram 1	1	310.995788546	311.238773228	3635.484	4149.194	BCCH	
698	Spectrogram 1	1	311.655318398	311.722263157	118.548	908.871	Green Frog	
699	Spectrogram 1	1	311.759454690	311.866070418	158.065	1027.419	Green Frog	
700	Spectrogram 1	1	313.459712575	313.615917014	3872.581	6164.516	COYE	
701	Spectrogram 1	1	315.447584982	315.502132564	3714.516	6125.000	SOSP	
702	Spectrogram 1	1	315.948430960	316.166621287	3793.548	4504.839	EWPE	
703	Spectrogram 1	1	318.348504322	318.422887388	2133.871	2647.581	SOSP	
704	Spectrogram 1	1	318.461308521	318.572883120	7626.613	9128.226	TUTI	
705	Spectrogram 1	1	319.083646840	319.125797244	3358.871	5650.806	EAPH	
706	Spectrogram 1	1	322.070731479	322.125279061	79.032	908.871	Green Frog	
707	Spectrogram 1	1	322.907530854	323.053817551	3872.581	6125.000	COYE	
708	Spectrogram 1	1	324.980319014	325.171235550	3003.226	3991.129	EWPE	
709	Spectrogram 1	1	325.758861771	325.972093227	987.903	1896.774	RBWO	
710	Spectrogram 1	1	326.164239363	326.248540172	2133.871	2647.581	SOSP	
711	Spectrogram 1	1	325.918775246	326.003076054	7508.065	8693.548	TUTI	
712	Spectrogram 1	1	327.169640355	327.219229066	3754.032	5887.903	EAPH	
713	Spectrogram 1	1	328.030004485	328.101908116	3398.387	6006.452	SOSP	
714	Spectrogram 1	1	331.055510834	331.147249949	2094.355	3477.419	REVI	
715	Spectrogram 1	1	331.643751711	331.733011391	39.516	829.839	Green Frog	
716	Spectrogram 1	1	332.057817445	332.124762205	3754.032	4149.194	BCCH	
717	Spectrogram 1	1	332.223939626	332.370226323	2252.419	3477.419	REVI	
718	Spectrogram 1	1	333.301244248	333.435133767	2331.452	3042.742	REVI	
719	Spectrogram 1	1	333.373147879	333.502078526	4188.710	6243.548	COYE	
720	Spectrogram 1	1	334.797573475	334.926504123	2410.484	3200.806	REVI	
721	Spectrogram 1	1	335.532715994	335.639331721	4070.161	4662.903	SOSP	
722	Spectrogram 1	1	335.649249464	335.708755916	3121.774	4070.161	OVEN	
723	Spectrogram 1	1	336.054012112	336.182942759	2054.839	3042.742	REVI	
724	Spectrogram 1	1	336.361462118	336.512707685	6796.774	9207.258	TUTI	
725	Spectrogram 1	1	337.707795613	337.834246825	8100.806	9562.903	TUTI	
726	Spectrogram 1	1	337.390427864	337.539193996	2410.484	3635.484	REVI	
727	Spectrogram 1	1	336.753212932	336.832554869	79.032	908.871	Green Frog	
728	Spectrogram 1	1	338.212350626	338.353678452	2845.161	4623.387	COYE	
729	Spectrogram 1	1	338.838397981	338.977246371	908.871	1541.129	Chicken	
730	Spectrogram 1	1	339.158245165	339.951664536	5334.677	5729.839	SOSP	
731	Spectrogram 1	1	339.507845575	339.587187512	7231.452	8970.161	TUTI	
732	Spectrogram 1	1	339.797939533	339.902075825	7666.129	9128.226	TUTI	
733	Spectrogram 1	1	340.510767131	340.691765925	2133.871	3437.903	REVI	
734	Spectrogram 1	1	340.240508658	340.513246567	3833.065	4307.258	EWPE	
735	Spectrogram 1	1	341.552130055	341.614115944	2924.194	4781.452	AGOL	
736	Spectrogram 1	1	342.257519347	342.354217333	2094.355	2687.097	REVI	
737	Spectrogram 1	1	343.612520749	343.691862686	2212.903	3319.355	REVI	
738	Spectrogram 1	1	343.939806239	344.078654629	3872.581	6125.000	COYE	
739	Spectrogram 1	1	345.401423369	345.458450386	4820.968	5334.677	SOSP	
740	Spectrogram 1	1	347.781661534	347.858524036	2212.903	3714.516	REVI	
741	Spectrogram 1	1	348.302342997	348.389123240	2331.452	3635.484	REVI	
742	Spectrogram 1	1	349.578002461	349.716850851	4109.677	6520.161	COYE	
743	Spectrogram 1	1	349.995777231	350.151981670	2370.968	3319.355	REVI	
744	Spectrogram 1	1	351.502639145	351.591898824	118.548	750.806	Green Frog	
745	Spectrogram 1	1	351.777856489	351.896869395	79.032	908.871	Green Frog	
746	Spectrogram 1	1	351.943978670	352.137374641	3675.000	4465.323	EWPE	
747	Spectrogram 1	1	352.874996595	353.021283292	2608.065	4820.968	REVI	
748	Spectrogram 1	1	354.094878878	354.236206703	4030.645	6480.645	COYE	
749	Spectrogram 1	1	355.184580677	355.251525437	2094.355	2608.065	SOSP	
750	Spectrogram 1	1	355.912284889	355.981709084	7547.581	9286.290	TUTI	
751	Spectrogram 1	1	356.137913522	356.199899411	3635.484	4662.903	AMRO	
752	Spectrogram 1	1	357.256138948	357.315645401	3714.516	6045.968	SOSP	
753	Spectrogram 1	1	359.679142462	360.013866259	39.516	474.194	Bullfrog	
754	Spectrogram 1	1	360.770709041	360.899639689	2766.129	4662.903	COYE	
755	Spectrogram 1	1	361.133321285	361.234978142	2331.452	3121.774	BLJA	
756	Spectrogram 1	1	361.279607982	361.361429354	2608.065	3358.871	BLJA	
757	Spectrogram 1	1	361.515154357	361.663920489	1857.258	3003.226	BLJA	
758	Spectrogram 1	1	361.058938219	361.406059194	39.516	434.677	Bullfrog	
759	Spectrogram 1	1	361.857931405	361.962067698	2212.903	3082.258	BLJA	
760	Spectrogram 1	1	362.381092303	362.601762065	79.032	474.194	Bullfrog	
761	Spectrogram 1	1	362.205052380	362.333983028	39.516	434.677	Bullfrog	
762	Spectrogram 1	1	363.640010663	363.865639297	0.000	395.161	Bullfrog	
763	Spectrogram 1	1	363.250739284	363.325122350	2133.871	3082.258	REVI	
764	Spectrogram 1	1	363.330081221	363.463970740	3793.548	6836.290	COYE	
765	Spectrogram 1	1	364.949767281	365.279532207	0.000	553.226	Bullfrog	
766	Spectrogram 1	1	365.465489872	365.534914067	2054.839	2608.065	SOSP	
767	Spectrogram 1	1	366.284933198	366.418822717	2924.194	3754.032	TUTI	
768	Spectrogram 1	1	366.277494892	366.594862640	0.000	513.710	Bullfrog	
769	Spectrogram 1	1	367.667208391	367.724235408	2805.645	3991.129	REVI	
770	Spectrogram 1	1	367.639934600	367.982096704	0.000	592.742	Bullfrog	
771	Spectrogram 1	1	368.373212627	368.422801338	2963.710	3872.581	SOSP	
772	Spectrogram 1	1	369.109604981	369.231097322	2133.871	2924.194	TUTI	
773	Spectrogram 1	1	369.736902171	370.009640079	3161.290	3754.032	BCCH	
774	Spectrogram 1	1	369.394740067	369.736902171	0.000	592.742	Bullfrog	
775	Spectrogram 1	1	370.154676941	370.248895491	1936.290	4188.710	REVI	
776	Spectrogram 1	1	371.528898882	371.625596868	2529.032	3714.516	REVI	
777	Spectrogram 1	1	370.790027093	370.975984758	0.000	513.710	Bullfrog	
778	Spectrogram 1	1	371.610720255	371.876019857	39.516	434.677	Bullfrog	
779	Spectrogram 1	1	372.556614793	372.784722863	0.000	553.226	Bullfrog	
780	Spectrogram 1	1	373.065513734	373.169650026	2924.194	3912.097	EWPE	
781	Spectrogram 1	1	373.806864958	373.928357300	3912.097	6283.065	COYE	
782	Spectrogram 1	1	375.941639006	376.048254734	3200.806	3714.516	BCCH	
783	Spectrogram 1	1	376.090405138	376.182144253	4188.710	4583.871	SOSP	
784	Spectrogram 1	1	376.425128935	376.596209987	2094.355	3082.258	TUTI	
785	Spectrogram 1	1	377.036299677	377.105723872	2015.323	2687.097	SOSP	
786	Spectrogram 1	1	377.041258548	377.217298471	5097.581	8179.839	BHCO	
787	Spectrogram 1	1	376.661904911	376.778438381	118.548	987.903	Green Frog	
788	Spectrogram 1	1	377.318955328	377.571857752	39.516	632.258	Bullfrog	
789	Spectrogram 1	1	378.535108340	378.602053099	2529.032	3042.742	REVI	
790	Spectrogram 1	1	378.919420847	379.301253919	3912.097	4386.290	EWPE	
791	Spectrogram 1	1	380.132479479	380.219259723	39.516	750.806	Green Frog	
792	Spectrogram 1	1	379.735769794	379.857262135	2489.516	3437.903	TUTI	
793	Spectrogram 1	1	380.128750209	380.406446988	3754.032	4267.742	BCCH	
794	Spectrogram 1	1	380.562651427	380.612240138	5295.161	7191.935	NOCA	
795	Spectrogram 1	1	381.820954843	381.902776215	2568.548	3714.516	REVI	
796	Spectrogram 1	1	382.363951225	382.448252033	0.000	829.839	Green Frog	
797	Spectrogram 1	1	383.843539347	383.984867173	3793.548	6678.226	COYE	
798	Spectrogram 1	1	384.389015165	384.455959924	0.000	908.871	Green Frog	
799	Spectrogram 1	1	385.709919125	385.925630016	2291.935	4070.161	VEER	
800	Spectrogram 1	1	386.702307995	386.759335012	39.516	829.839	Green Frog	
801	Spectrogram 1	1	387.105206151	387.234136799	3437.903	3833.065	REVI	
802	Spectrogram 1	1	388.300294079	388.597826343	3200.806	3872.581	EWPE	
803	Spectrogram 1	1	388.947426753	389.168096515	3675.000	4346.774	EWPE	
804	Spectrogram 1	1	388.620141262	388.746592475	7745.161	8733.065	TUTI	
805	Spectrogram 1	1	388.823454976	388.890399736	7626.613	8614.516	TUTI	
806	Spectrogram 1	1	389.504049913	389.608186205	2291.935	3042.742	TUTI	
807	Spectrogram 1	1	390.117700090	390.177206543	1383.065	2410.484	Green Frog	
808	Spectrogram 1	1	391.620852679	391.732427278	2805.645	4346.774	COYE	
809	Spectrogram 1	1	392.152066539	392.333065333	2687.097	3516.935	VEER	
810	Spectrogram 1	1	392.223970170	392.390092351	7903.226	9049.194	TUTI	
811	Spectrogram 1	1	392.415501362	392.705595320	4623.387	5018.548	BHCO	
812	Spectrogram 1	1	392.993824497	393.090522483	2173.387	2884.677	TUTI	
813	Spectrogram 1	1	393.893859596	393.958324920	0.000	987.903	Green Frog	
814	Spectrogram 1	1	394.244074662	394.375484746	3991.129	6441.129	COYE	
815	Spectrogram 1	1	395.395762350	395.480063159	79.032	790.323	Green Frog	
816	Spectrogram 1	1	396.522655683	396.902009320	4623.387	5018.548	BHCO	
817	Spectrogram 1	1	397.117720211	397.256568601	5097.581	7587.097	BHCO	
818	Spectrogram 1	1	396.963370992	397.045192364	2450.000	3121.774	REVI	
819	Spectrogram 1	1	398.118787950	398.180773839	0.000	790.323	Green Frog	
820	Spectrogram 1	1	397.754310927	397.848529477	2252.419	3042.742	TUTI	
821	Spectrogram 1	1	398.298536909	398.385317153	79.032	790.323	Green Frog	
822	Spectrogram 1	1	399.030585336	399.157036548	3477.419	4386.290	EWPE	
823	Spectrogram 1	1	399.181830903	399.223981307	2252.419	3161.290	REVI	
824	Spectrogram 1	1	399.690115188	399.992606323	3675.000	4425.806	EWPE	
825	Spectrogram 1	1	399.630608735	399.660361961	6322.581	7429.032	BCCH	
826	Spectrogram 1	1	400.509558514	400.554188354	2726.613	3635.484	REVI	
827	Spectrogram 1	1	401.088496594	401.157920789	2450.000	3003.226	TUTI	
828	Spectrogram 1	1	402.398253212	402.480074584	2133.871	3556.452	REVI	
829	Spectrogram 1	1	403.194152018	403.253658471	1580.645	2252.419	Green Frog	
830	Spectrogram 1	1	403.262326378	403.383818719	4070.161	6441.129	COYE	
831	Spectrogram 1	1	404.271456640	404.410305030	3793.548	6480.645	COYE	
832	Spectrogram 1	1	404.159882041	404.268977204	2212.903	2845.161	TUTI	
833	Spectrogram 1	1	406.041138720	406.113042351	79.032	513.710	Green Frog	
834	Spectrogram 1	1	407.086210680	407.257291732	2054.839	3121.774	TUTI	
835	Spectrogram 1	1	407.272168345	407.353989718	2568.548	4070.161	REVI	
836	Spectrogram 1	1	408.737504628	408.856517534	2687.097	3833.065	VEER	
837	Spectrogram 1	1	408.292445950	408.575101601	3793.548	4346.774	EWPE	
838	Spectrogram 1	1	407.742011261	407.823832634	79.032	908.871	Green Frog	
839	Spectrogram 1	1	409.786295741	409.880514292	2133.871	3595.968	REVI	
841	Spectrogram 1	1	410.319364336	410.383829660	158.065	711.290	Green Frog	
842	Spectrogram 1	1	410.734044726	410.833222148	2291.935	4307.258	REVI	
843	Spectrogram 1	1	411.639038696	411.743174989	2331.452	3082.258	TUTI	
844	Spectrogram 1	1	411.862187894	411.939050396	2529.032	3793.548	REVI	
845	Spectrogram 1	1	413.208501154	413.322555189	2450.000	4386.290	REVI	
846	Spectrogram 1	1	414.133330608	414.190357625	2173.387	3477.419	REVI	
847	Spectrogram 1	1	414.848637642	414.952773934	2133.871	2884.677	TUTI	
848	Spectrogram 1	1	415.297415474	415.421387250	3991.129	6599.194	TUTI	
849	Spectrogram 1	1	416.669772924	416.734238248	0.000	948.387	Green Frog	
850	Spectrogram 1	1	418.220649733	418.354539252	2489.516	3754.032	REVI	
851	Spectrogram 1	1	418.746290066	418.842988052	2252.419	2726.613	GCFL	
852	Spectrogram 1	1	419.345063630	419.588048312	3793.548	4307.258	EWPE	
853	Spectrogram 1	1	419.161585401	419.208694676	6283.065	7231.452	NOCA	
854	Spectrogram 1	1	419.558295086	419.702102347	2173.387	3042.742	TUTI	
855	Spectrogram 1	1	420.174424699	420.271122684	2924.194	4070.161	VEER	
856	Spectrogram 1	1	420.898419874	421.014953344	2805.645	4504.839	COYE	
857	Spectrogram 1	1	422.025928151	422.102790653	2450.000	3398.387	REVI	
858	Spectrogram 1	1	422.908607201	422.992908009	2450.000	4070.161	REVI	
859	Spectrogram 1	1	423.948720290	424.216499328	3793.548	4307.258	EWPE	
860	Spectrogram 1	1	424.437783746	424.492331328	6480.645	7073.387	NOCA	
861	Spectrogram 1	1	424.837587523	424.936764945	2450.000	3240.323	VEER	
862	Spectrogram 1	1	425.551664957	425.668198427	3595.968	6283.065	COYE	
863	Spectrogram 1	1	425.809526253	425.893827061	2331.452	3042.742	TUTI	
864	Spectrogram 1	1	426.199412287	426.278754224	158.065	750.806	Green Frog	
865	Spectrogram 1	1	428.610018047	428.699277726	3398.387	4504.839	REVI	
866	Spectrogram 1	1	428.329841832	428.367033365	6243.548	7112.903	NOCA	
867	Spectrogram 1	1	429.855309341	429.927212972	3240.323	4070.161	REVI	
868	Spectrogram 1	1	430.284251688	430.395826287	2924.194	3991.129	VEER	
869	Spectrogram 1	1	431.170639774	431.299570422	1975.806	3042.742	TUTI	
870	Spectrogram 1	1	432.028524469	432.088030922	3477.419	5571.774	SOSP	
871	Spectrogram 1	1	432.467999214	432.539902845	237.097	1145.968	Green Frog	
872	Spectrogram 1	1	434.178174842	434.259996214	2015.323	3200.806	REVI	
873	Spectrogram 1	1	435.640406916	435.759419821	3912.097	6125.000	COYE	
874	Spectrogram 1	1	436.530524272	436.741276293	908.871	1896.774	RBWO	
875	Spectrogram 1	1	437.491295424	437.704526880	948.387	2252.419	RBWO	
876	Spectrogram 1	1	438.055356890	438.139657699	2924.194	4662.903	AGOL	
877	Spectrogram 1	1	438.791749244	438.881008923	3042.742	4109.677	VEER	
878	Spectrogram 1	1	439.732069967	439.997369569	0.000	513.710	Bullfrog	
879	Spectrogram 1	1	440.888716526	441.037482658	2568.548	3991.129	REVI	
880	Spectrogram 1	1	441.077153627	441.431712908	0.000	592.742	Bullfrog	
881	Spectrogram 1	1	442.139581636	442.204046959	2362.500	4095.000	REVI	
882	Spectrogram 1	1	442.459428819	442.744563906	0.000	511.875	Bullfrog	
883	Spectrogram 1	1	443.738182664	443.988605653	39.375	590.625	Bullfrog	
884	Spectrogram 1	1	444.450395318	444.507422335	2520.000	3583.125	REVI	
885	Spectrogram 1	1	444.948761860	445.253732431	0.000	511.875	Bullfrog	
886	Spectrogram 1	1	445.765725751	445.899615270	4134.375	6260.625	COYE	
887	Spectrogram 1	1	446.269051165	446.611213268	0.000	511.875	Bullfrog	
888	Spectrogram 1	1	446.755635185	446.842415429	2401.875	2874.375	TUTI	
889	Spectrogram 1	1	447.643887762	447.921584542	0.000	511.875	Bullfrog	
890	Spectrogram 1	1	447.990373858	448.069715796	3268.125	4725.000	AGOL	
891	Spectrogram 1	1	448.737913554	448.921391784	3346.875	3780.000	EWPE	
892	Spectrogram 1	1	449.643522180	449.710466940	3583.125	5945.625	SOSP	
893	Spectrogram 1	1	452.869862519	452.921930665	6142.500	7323.750	TUTI	
894	Spectrogram 1	1	453.236818978	453.455009305	4213.125	4803.750	EWPE	
895	Spectrogram 1	1	454.353794568	454.443054248	3110.625	4606.875	REVI	
896	Spectrogram 1	1	454.792654658	454.911667563	78.750	590.625	Green Frog	
897	Spectrogram 1	1	455.402595799	455.514170398	3937.500	6181.875	COYE	
898	Spectrogram 1	1	455.423045939	455.507346748	39.375	708.750	Green Frog	
899	Spectrogram 1	1	457.359465144	457.438807082	2165.625	3031.875	REVI	
900	Spectrogram 1	1	457.925391102	457.972500377	2126.250	2835.000	BLJA	
901	Spectrogram 1	1	458.470866920	458.589879825	2795.625	4606.875	COYE	
902	Spectrogram 1	1	459.555609848	459.639910656	2835.000	3858.750	VEER	
903	Spectrogram 1	1	460.096126794	460.187865909	39.375	905.625	Green Frog	
904	Spectrogram 1	1	460.621767128	460.698629629	4646.250	5551.875	SOSP	
905	Spectrogram 1	1	463.122248087	463.179275105	275.625	945.000	Green Frog	
906	Spectrogram 1	1	464.345224462	464.409689785	3688.078	4708.185	VEER	
907	Spectrogram 1	1	465.111370041	465.242780125	3884.253	6238.345	COYE	
908	Spectrogram 1	1	465.412611341	465.484514972	39.235	823.932	Green Frog	
909	Spectrogram 1	1	465.630801668	465.754773445	4001.957	6905.338	COYE	
910	Spectrogram 1	1	467.372595013	467.466813564	156.940	823.932	Green Frog	
911	Spectrogram 1	1	466.995720812	467.045309523	2981.851	4158.897	OVEN	
912	Spectrogram 1	1	467.422183724	467.481690177	5453.648	6826.868	OVEN	
913	Spectrogram 1	1	468.854662571	468.956319428	2785.676	4590.480	COYE	
914	Spectrogram 1	1	470.074544854	470.238187599	2589.502	4080.427	VEER	
915	Spectrogram 1	1	469.600972667	469.650561378	1451.690	2275.623	Green Frog	
916	Spectrogram 1	1	471.931622122	472.008484624	2824.911	4158.897	REVI	
917	Spectrogram 1	1	472.475233160	472.529780742	2314.858	2981.851	TUTI	
918	Spectrogram 1	1	473.100050914	473.201707771	2236.388	3766.548	REVI	
919	Spectrogram 1	1	473.191790029	473.323200112	39.235	823.932	Green Frog	
920	Spectrogram 1	1	475.515001178	475.666246745	3884.253	6591.459	COYE	
921	Spectrogram 1	1	476.016461811	476.083406571	117.705	863.167	Green Frog	
922	Spectrogram 1	1	476.912152983	477.031165889	3256.495	3766.548	SOSP	
923	Spectrogram 1	1	477.157617101	477.308862669	2275.623	2942.616	GCFL	
924	Spectrogram 1	1	477.848129780	477.910115668	235.409	745.463	Green Frog	
925	Spectrogram 1	1	478.254757207	478.418399953	2314.858	3099.555	GCFL	
926	Spectrogram 1	1	479.785798532	479.847784420	2354.093	3334.964	REVI	
927	Spectrogram 1	1	479.867619905	479.934564664	117.705	627.758	Green Frog	
928	Spectrogram 1	1	480.726734200	480.853185412	3099.555	4668.950	REVI	
929	Spectrogram 1	1	481.654657745	481.741437989	4825.890	6473.754	COYE	
930	Spectrogram 1	1	481.622425083	481.756314602	3805.783	4276.601	EWPE	
931	Spectrogram 1	1	483.116274587	483.212972572	2511.032	4001.957	REVI	
932	Spectrogram 1	1	483.668875838	483.820121406	1922.509	2942.616	TUTI	
933	Spectrogram 1	1	484.254022624	484.350720610	2000.979	3884.253	REVI	
934	Spectrogram 1	1	484.563952066	484.687923843	2432.562	2903.381	SOSP	
935	Spectrogram 1	1	485.685886528	485.837132095	3688.078	6238.345	COYE	
936	Spectrogram 1	1	486.303880631	486.373304826	156.940	863.167	Green Frog	
937	Spectrogram 1	1	486.485494081	486.574753761	2197.153	2511.032	SOSP	
938	Spectrogram 1	1	488.167166029	488.437424502	3805.783	4315.836	EWPE	
939	Spectrogram 1	1	488.488857758	488.531008162	2275.623	3374.199	GRCA	
940	Spectrogram 1	1	488.994662607	489.049210188	1451.690	2157.918	Green Frog	
941	Spectrogram 1	1	488.764075102	488.858293652	5885.231	7258.452	SOSP	
942	Spectrogram 1	1	489.731054960	489.800479155	3334.964	5571.352	SOSP	
943	Spectrogram 1	1	492.392083997	492.506138032	2550.267	4551.246	COYE	
944	Spectrogram 1	1	493.386337646	493.500391681	2393.327	4041.192	REVI	
945	Spectrogram 1	1	493.569815876	493.641719506	117.705	706.228	Green Frog	
946	Spectrogram 1	1	494.914899535	495.081021716	3570.374	4276.601	EWPE	
947	Spectrogram 1	1	494.550422512	494.600011222	6042.171	7101.512	BCCH	
948	Spectrogram 1	1	496.074025530	496.227750533	3766.548	6552.224	COYE	
949	Spectrogram 1	1	497.236245616	497.315587553	2275.623	2589.502	TUTI	
950	Spectrogram 1	1	497.563531106	497.764365384	3923.488	4629.715	EWPE	
951	Spectrogram 1	1	497.739571029	497.826351273	117.705	784.698	Green Frog	
952	Spectrogram 1	1	497.511462960	497.561051671	6395.285	6983.808	SOSP	
953	Spectrogram 1	1	498.446210156	498.572661368	2118.683	3099.555	TUTI	
954	Spectrogram 1	1	498.991051083	499.129899473	2432.562	3256.495	REVI	
955	Spectrogram 1	1	499.898524488	499.970428118	2589.502	3766.548	REVI	
956	Spectrogram 1	1	500.191097881	500.515903936	1373.221	1922.509	Chicken	
957	Spectrogram 1	1	500.881610560	501.082444838	3884.253	4315.836	EWPE	
958	Spectrogram 1	1	501.184101695	501.340306133	5375.178	5767.527	SOSP	
959	Spectrogram 1	1	502.452322853	502.511829306	3060.320	4394.306	COYE	
960	Spectrogram 1	1	503.130438354	503.356066987	3884.253	4433.541	EWPE	
961	Spectrogram 1	1	503.569298443	503.648640380	2824.911	3923.488	SCTA	
962	Spectrogram 1	1	503.822200868	504.104856518	39.235	431.584	Bullfrog	
963	Spectrogram 1	1	504.823257932	504.934832531	2314.858	4080.427	REVI	
964	Spectrogram 1	1	505.378651492	505.703457547	39.235	470.819	Bullfrog	
965	Spectrogram 1	1	506.261330542	506.395220061	3923.488	6630.694	COYE	
966	Spectrogram 1	1	506.830965824	507.133456959	39.235	510.053	Bullfrog	
967	Spectrogram 1	1	507.445865836	507.527687209	4668.950	5767.527	SOSP	
968	Spectrogram 1	1	508.169861012	508.492187631	0.000	431.584	Bullfrog	
969	Spectrogram 1	1	508.557267611	508.696116001	3884.253	4119.662	EWPE	
970	Spectrogram 1	1	509.659366588	509.875077480	39.235	470.819	Bullfrog	
971	Spectrogram 1	1	511.111065976	511.306941383	3845.018	4355.071	EWPE	
972	Spectrogram 1	1	510.498645399	510.520960319	5610.587	7023.043	NOCA	
973	Spectrogram 1	1	510.418688518	510.547619165	1373.221	2707.206	GRCA	
974	Spectrogram 1	1	511.523266930	511.637320965	1255.516	3217.260	GRCA	
975	Spectrogram 1	1	513.022690537	513.171456669	1333.986	2511.032	GRCA	
976	Spectrogram 1	1	514.011985315	514.088847817	117.705	863.167	Green Frog	
977	Spectrogram 1	1	513.499356816	513.586137060	2471.797	3452.669	SCTA	
978	Spectrogram 1	1	513.809286258	513.972929003	2275.623	3452.669	SCTA	
979	Spectrogram 1	1	515.434546132	515.543641296	3609.609	3884.253	EWPE	
980	Spectrogram 1	1	515.952748159	516.094075984	4041.192	6552.224	COYE	
981	Spectrogram 1	1	517.325720265	517.486883575	2354.093	3060.320	GRCA	
982	Spectrogram 1	1	517.868716647	518.017482779	2314.858	3805.783	GRCA	
983	Spectrogram 1	1	517.982770682	518.143933992	823.932	1765.569	RBWO	
984	Spectrogram 1	1	517.796813017	518.223275929	4551.246	5375.178	BHCO	
985	Spectrogram 1	1	518.548081984	518.679492067	3923.488	6277.580	BHCO	
986	Spectrogram 1	1	518.980733367	519.181567645	823.932	1844.039	RBWO	
987	Spectrogram 1	1	519.374963617	519.476620473	2118.683	2628.737	TUTI	
989	Spectrogram 1	1	518.760063604	518.844364412	2314.858	3609.609	REVI	
990	Spectrogram 1	1	519.677454751	519.801426528	2805.645	4662.903	COYE	
991	Spectrogram 1	1	519.934066209	520.003490404	4702.419	5848.387	SOSP	
992	Spectrogram 1	1	522.552329997	522.631671934	276.613	711.290	Green Frog	
993	Spectrogram 1	1	523.484597757	523.616007840	2054.839	2687.097	TUTI	
994	Spectrogram 1	1	522.884574358	522.991190086	2766.129	3754.032	REVI	
995	Spectrogram 1	1	524.379039094	524.463339902	3437.903	4465.323	REVI	
996	Spectrogram 1	1	524.738557246	524.815419748	2370.968	3556.452	REVI	
997	Spectrogram 1	1	525.462552422	525.596441941	4030.645	6164.516	COYE	
998	Spectrogram 1	1	525.492305649	525.564209279	2410.484	2884.677	TUTI	
999	Spectrogram 1	1	526.155544536	526.254721958	158.065	829.839	Green Frog	
1000	Spectrogram 1	1	526.791509633	526.917960845	2015.323	3082.258	REVI	
1001	Spectrogram 1	1	527.845269735	527.954364899	5255.645	7508.065	BHCO	
1002	Spectrogram 1	1	529.477967628	529.527556339	3003.226	4070.161	OVEN	
1003	Spectrogram 1	1	528.741575275	528.895300278	2173.387	3872.581	REVI	
1004	Spectrogram 1	1	530.739365424	530.831104539	3398.387	5808.871	SOSP	
1005	Spectrogram 1	1	530.652585180	530.704653326	276.613	948.387	Green Frog	
1006	Spectrogram 1	1	532.300159975	532.404296267	197.581	671.774	Green Frog	
1007	Spectrogram 1	1	534.062403748	534.154142863	2133.871	3912.097	REVI	
1008	Spectrogram 1	1	534.712015858	534.823590457	2054.839	2687.097	TUTI	
1009	Spectrogram 1	1	535.935606888	536.114126247	2252.419	3951.613	REVI	
1010	Spectrogram 1	1	536.535632428	536.575303397	1857.258	2291.935	REVI	
1011	Spectrogram 1	1	537.291860266	537.410873171	3991.129	6204.032	COYE	
1012	Spectrogram 1	1	539.005130091	539.099348641	2529.032	3437.903	REVI	
1013	Spectrogram 1	1	540.241118011	540.322939383	118.548	711.290	Green Frog	
1014	Spectrogram 1	1	540.556006324	540.660142616	2054.839	3003.226	TUTI	
1015	Spectrogram 1	1	540.794032135	540.937839396	2450.000	3833.065	REVI	
1016	Spectrogram 1	1	540.942798267	541.007263591	1225.000	2212.903	Green Frog	
1017	Spectrogram 1	1	541.891787185	542.020717833	2252.419	4149.194	REVI	
1018	Spectrogram 1	1	542.338085581	542.556275908	3872.581	4346.774	EWPE	
1019	Spectrogram 1	1	543.233161809	543.426557781	1106.452	2291.935	RBWO	
1020	Spectrogram 1	1	541.894266621	541.963690816	6520.161	7587.097	BCCH	
1021	Spectrogram 1	1	542.361014869	542.465151161	6520.161	7547.581	BCCH	
1022	Spectrogram 1	1	543.427787351	543.517047030	6006.452	7270.968	BCCH	
1023	Spectrogram 1	1	543.603827273	543.693086953	3358.871	5216.129	REVI	
1024	Spectrogram 1	1	544.057563976	544.139385349	4702.419	5848.387	SOSP	
1025	Spectrogram 1	1	546.574785752	546.644209947	118.548	908.871	Green Frog	
1026	Spectrogram 1	1	547.236795040	547.293822057	1699.194	2331.452	REVI	
1027	Spectrogram 1	1	547.221918426	547.378122865	3951.613	6362.097	COYE	
1028	Spectrogram 1	1	549.108748633	549.148419601	1264.516	2173.387	Green Frog	
1029	Spectrogram 1	1	549.126104681	549.227761538	3833.065	5334.677	REVI	
1030	Spectrogram 1	1	549.403801461	549.525293802	2212.903	3754.032	TUTI	
1031	Spectrogram 1	1	550.738352434	550.968939939	3793.548	4228.226	EWPE	
1032	Spectrogram 1	1	551.220592528	551.285057852	118.548	790.323	Green Frog	
1033	Spectrogram 1	1	551.783424394	551.867725202	158.065	790.323	Green Frog	
1034	Spectrogram 1	1	552.183843115	552.330129812	2212.903	4109.677	REVI	
1035	Spectrogram 1	1	552.806796090	552.876220285	3082.258	3912.097	REVI	
1036	Spectrogram 1	1	553.347313037	553.439052152	2963.710	3754.032	REVI	
1037	Spectrogram 1	1	554.588255965	554.679995080	2450.000	4149.194	REVI	
1038	Spectrogram 1	1	555.813097119	556.041205188	2291.935	3635.484	REVI	
1039	Spectrogram 1	1	556.342446488	556.411870683	2094.355	2845.161	TUTI	
1040	Spectrogram 1	1	556.139132774	556.285419471	2291.935	2647.581	TUTI	
1041	Spectrogram 1	1	557.853037384	557.979488596	3991.129	6283.065	COYE	
1042	Spectrogram 1	1	557.099288982	557.292684953	2726.613	3516.935	RWBL	
1043	Spectrogram 1	1	559.095214640	559.169597706	2450.000	3279.839	REVI	
1044	Spectrogram 1	1	559.851442477	559.928304979	2331.452	3042.742	GRCA	
1045	Spectrogram 1	1	559.978508346	560.038014799	4070.161	5769.355	COYE	
1046	Spectrogram 1	1	560.692585779	560.771927717	2015.323	3516.935	REVI	
1047	Spectrogram 1	1	561.114089820	561.203349499	4544.355	5571.774	SOSP	
1048	Spectrogram 1	1	563.745365919	563.842063905	2529.032	4188.710	REVI	
1049	Spectrogram 1	1	563.462710268	563.504860672	158.065	632.258	Green Frog	
1050	Spectrogram 1	1	564.224511633	564.276579779	3319.355	4465.323	SOSP	
1051	Spectrogram 1	1	565.169176571	565.345216494	2252.419	3951.613	REVI	
1052	Spectrogram 1	1	565.559677550	565.614225132	1225.000	1738.710	AMCR	
1053	Spectrogram 1	1	566.251440064	566.601040475	39.516	434.677	Bullfrog	
1054	Spectrogram 1	1	566.534095715	566.581204990	3477.419	3991.129	OVEN	
1055	Spectrogram 1	1	567.018815245	567.117992666	2252.419	3398.387	REVI	
1056	Spectrogram 1	1	567.373374526	567.499825738	2094.355	2647.581	TUTI	
1057	Spectrogram 1	1	567.178113775	567.257455712	6045.968	7310.484	TUTI	
1058	Spectrogram 1	1	567.612014993	567.698795237	4188.710	5848.387	COYE	
1059	Spectrogram 1	1	568.784788001	568.916198084	3872.581	6638.710	COYE	
1060	Spectrogram 1	1	567.936821048	567.971533146	3754.032	4504.839	YEWA	
1061	Spectrogram 1	1	568.698622413	568.748211124	1422.581	2212.903	Green Frog	
1062	Spectrogram 1	1	570.100733090	570.150321800	1975.806	2884.677	GRCA	
1063	Spectrogram 1	1	570.477607291	570.609017374	2252.419	2568.548	TUTI	
1064	Spectrogram 1	1	570.698277053	570.834646008	2608.065	4030.645	REVI	
1065	Spectrogram 1	1	571.093736615	571.197872908	79.032	750.806	Green Frog	
1066	Spectrogram 1	1	572.036536774	572.262165408	2054.839	3833.065	REVI	
1067	Spectrogram 1	1	573.407029733	573.533480945	3793.548	4070.161	EWPE	
1068	Spectrogram 1	1	573.645055545	573.726876917	4662.903	5532.258	SOSP	
1069	Spectrogram 1	1	573.835972081	573.947546680	2094.355	2845.161	REVI	
1070	Spectrogram 1	1	574.612035403	574.656665242	1383.065	2094.355	Green Frog	
1071	Spectrogram 1	1	576.992273568	577.088971554	3042.742	5374.194	REVI	
1072	Spectrogram 1	1	577.701392131	577.842719956	1501.613	1817.742	Chicken	
1073	Spectrogram 1	1	578.926213050	579.055143697	4070.161	6520.161	COYE	
1074	Spectrogram 1	1	579.094814666	579.184074345	2489.516	3437.903	REVI	
1075	Spectrogram 1	1	580.350638646	580.499404778	2410.484	3872.581	REVI	
1076	Spectrogram 1	1	581.987680755	582.129008580	2370.968	2924.194	TUTI	
1077	Spectrogram 1	1	581.695107362	581.816599703	2450.000	4307.258	GRCA	
1078	Spectrogram 1	1	582.162470842	582.219497859	3437.903	4386.290	SOSP	
1079	Spectrogram 1	1	582.869109969	583.169121669	2568.548	3912.097	GRCA	
1080	Spectrogram 1	1	583.807566201	583.904264187	197.581	869.355	Green Frog	
1081	Spectrogram 1	1	583.517472244	583.579458132	3082.258	4465.323	SOSP	
1082	Spectrogram 1	1	584.333206534	584.427425085	3319.355	4109.677	EWPE	
1083	Spectrogram 1	1	584.633218234	584.742313398	2291.935	3477.419	GRCA	
1084	Spectrogram 1	1	585.145211554	585.241909540	6836.290	7745.161	BCCH	
1085	Spectrogram 1	1	585.779947051	585.898959957	3161.290	4939.516	REVI	
1086	Spectrogram 1	1	586.310546255	586.360134966	4741.935	5650.806	SOSP	
1087	Spectrogram 1	1	590.054453729	590.128836795	118.548	750.806	Green Frog	
1088	Spectrogram 1	1	590.545381965	590.647038822	2252.419	3595.968	REVI	
1089	Spectrogram 1	1	590.215617039	590.364383171	3714.516	4188.710	GRCA	
1090	Spectrogram 1	1	590.976803748	591.038789636	1975.806	2450.000	GRCA	
1091	Spectrogram 1	1	592.391311314	592.500406478	5334.677	7468.548	SOSP	
1093	Spectrogram 1	1	592.252462889	592.383872973	2252.419	3556.452	REVI	
1094	Spectrogram 1	1	593.967597388	594.044459889	2291.935	2766.129	TUTI	
1095	Spectrogram 1	1	595.036234103	595.237068381	2094.355	3912.097	REVI	
1096	Spectrogram 1	1	596.114153669	596.213331090	2489.516	3754.032	REVI	
1097	Spectrogram 1	1	596.265399237	596.322426254	1975.806	2331.452	BLJA	
1098	Spectrogram 1	1	596.126550847	596.191016171	5097.581	6559.677	TUTI	
1099	Spectrogram 1	1	596.426562546	596.518301661	2133.871	4030.645	REVI	
1100	Spectrogram 1	1	597.568947436	597.633412760	4346.774	5650.806	SOSP	
1101	Spectrogram 1	1	598.449147051	598.496256326	1145.968	2015.323	GRCA	
1102	Spectrogram 1	1	598.761555928	598.907842625	3951.613	6559.677	COYE	
1103	Spectrogram 1	1	600.690536250	600.792193107	1422.581	1936.290	BLJA	
1104	Spectrogram 1	1	601.325886115	601.405228052	3240.323	5769.355	GRCA	
1105	Spectrogram 1	1	601.829211528	601.883759110	118.548	790.323	Green Frog	
1106	Spectrogram 1	1	601.975498224	602.114346614	3635.484	4465.323	COGR	
1107	Spectrogram 1	1	602.151538147	602.287907102	2370.968	4544.355	REVI	
1108	Spectrogram 1	1	602.408149608	602.482532674	2133.871	2489.516	TUTI	
1109	Spectrogram 1	1	602.899077843	603.032967362	2410.484	3833.065	REVI	
1110	Spectrogram 1	1	603.797247874	603.936096264	3200.806	3833.065	TUTI	
1111	Spectrogram 1	1	604.057588605	604.131971671	237.097	869.355	Green Frog	
1112	Spectrogram 1	1	604.963811887	605.082824793	3398.387	5295.161	REVI	
1113	Spectrogram 1	1	605.278700200	605.395233670	3398.387	3912.097	SOSP	
1114	Spectrogram 1	1	605.226632054	605.308453426	6796.774	8219.355	BCCH	
1115	Spectrogram 1	1	604.917317268	605.023932996	2450.000	3121.774	TUTI	
1116	Spectrogram 1	1	605.914050353	606.003310032	2094.355	2884.677	TUTI	
1117	Spectrogram 1	1	606.365307620	606.452087863	7073.387	7942.742	BCCH	
1118	Spectrogram 1	1	605.447916472	605.557011636	6638.710	8140.323	BCCH	
